

2 (Sim) ... 1 (Mel)
  0  0.0000    766.842653  x:  0.08265   1.37025   0.48946  
  1 99.0000    765.935662  x:  0.11312   1.37140   0.48212  
  2 64.7998    757.352790  x:  0.11513   1.43713   0.06594  
  3 16.6259    756.864673  x:  0.11702   2.06573   0.08780  
  4  1.8215    756.614451  x:  0.11849   2.30590   0.06593  
  5  3.2208    756.569778  x:  0.12536   2.48754   0.06811  
  6  0.1014    756.568394  x:  0.12556   2.51433   0.06671  
  7  0.0313    756.568201  x:  0.12530   2.53191   0.06699  
  8  0.0092    756.568200  x:  0.12527   2.53133   0.06698  
  9  0.0005    756.568200  x:  0.12527   2.53101   0.06698  