

TREE # 1

  0  0.0000   6661.930212  x:  0.16383   0.13733   0.03106   0.27583   0.02601   0.29532   0.15231   0.08842   0.19700   0.44736   0.16966   0.31213   0.14467   0.14643   0.17809   0.19798   0.13448   0.17639   0.27746   0.32941   0.36359   0.19447   0.16688   0.17490  
  1 99.0000   6345.502772  x:  0.16574   0.14089   0.05603   0.27514   0.03566   0.29024   0.14998   0.09295   0.19649   0.45283   0.17730   0.31086   0.16274   0.14847   0.18282   0.20018   0.14036   0.17847   0.27786   0.32931   0.36298   0.41876   0.05690   0.17167  
  2 2298.1430   6244.134915  x:  0.16983   0.14708   0.07835   0.27493   0.04513   0.28404   0.14772   0.09946   0.19835   0.46213   0.19175   0.30899   0.19376   0.15066   0.19202   0.20520   0.15023   0.18273   0.28355   0.33138   0.36566   0.66124   0.19274   0.17141  
  3 1986.0412   6237.196830  x:  0.16304   0.14065   0.03673   0.25978   0.02073   0.25971   0.13766   0.09205   0.18238   0.47359   0.19782   0.28918   0.21469   0.14005   0.19485   0.19901   0.14768   0.17715   0.27941   0.32020   0.35715   0.67176   0.19561   0.17622  
  4 167.6943   6231.879681  x:  0.15542   0.13665   0.05758   0.23614   0.03459   0.21093   0.12058   0.09565   0.14578   0.50536   0.21231   0.23482   0.25651   0.11960   0.20048   0.17717   0.14314   0.16552   0.27121   0.29092   0.33473   0.66974   0.19837   0.18576  
  5 126.1198   6231.044699  x:  0.15935   0.14085   0.04914   0.23509   0.04760   0.20381   0.13324   0.10285   0.13905   0.52057   0.21580   0.21759   0.26080   0.12843   0.20269   0.17027   0.14706   0.17049   0.27161   0.28444   0.33008   0.66952   0.19838   0.18117  
  6 59.5371   6230.560051  x:  0.16426   0.14324   0.05304   0.24049   0.04042   0.20091   0.13560   0.09342   0.13706   0.54567   0.22020   0.20474   0.25818   0.13674   0.19980   0.16594   0.14863   0.17714   0.27467   0.28189   0.32933   0.66926   0.19855   0.16579  
  7 31.6949   6229.972992  x:  0.16117   0.13703   0.05037   0.24510   0.04293   0.20737   0.13104   0.09788   0.13470   0.59203   0.22826   0.20065   0.25486   0.13185   0.19204   0.16309   0.14313   0.17557   0.28084   0.28197   0.33176   0.66936   0.19868   0.13785  
  8 37.0765   6229.573700  x:  0.16063   0.14283   0.05219   0.24026   0.03927   0.20944   0.13197   0.10142   0.12658   0.63614   0.23025   0.21565   0.25722   0.13345   0.19991   0.16387   0.14709   0.17203   0.28413   0.28453   0.33575   0.66803   0.19794   0.13229  
  9 28.4308   6229.452126  x:  0.16143   0.14089   0.05082   0.23903   0.04421   0.20924   0.13180   0.09475   0.12475   0.64735   0.22446   0.21885   0.25598   0.13141   0.20089   0.16360   0.14949   0.17168   0.28542   0.28588   0.33683   0.66845   0.19797   0.13361  
 10 16.7563   6229.251242  x:  0.16339   0.13584   0.05240   0.23788   0.04188   0.20414   0.13643   0.09750   0.12294   0.65702   0.20734   0.21943   0.25209   0.12791   0.19957   0.16500   0.15095   0.17029   0.28614   0.28721   0.33740   0.66990   0.19841   0.13311  
 11 12.2322   6228.721746  x:  0.16118   0.14477   0.05065   0.23686   0.04596   0.19743   0.12631   0.09903   0.12225   0.66296   0.18364   0.21832   0.25200   0.13559   0.20018   0.18016   0.14927   0.16446   0.28485   0.28511   0.33455   0.67220   0.19876   0.12370  
 12 11.0325   6225.502131  x:  0.14305   0.14078   0.05374   0.24359   0.04991   0.18899   0.14161   0.09455   0.13175   0.67762   0.17662   0.21396   0.26834   0.12818   0.18510   0.26333   0.16374   0.17916   0.27388   0.27013   0.31872   0.68310   0.19643   0.12594  
 13 13.3913   6209.037154  x:  0.25521   0.10435   0.05226   0.23905   0.05425   0.20238   0.14853   0.09120   0.15425   0.68819   0.19929   0.18659   0.28874   0.12828   0.22114   0.34980   0.10423   0.14856   0.24415   0.27302   0.32093   0.75079   0.18714   0.14757  
 14 28.0782   6153.360395  x:  0.32149   0.14540   0.04652   0.19177   0.04728   0.23262   0.07571   0.13240   0.16544   0.63687   0.23086   0.14687   0.30534   0.05119   0.24348   0.29529   0.22747   0.21780   0.20960   0.32266   0.38843   0.98181   0.15989   0.12330  
 15 88.3519   6078.238570  x:  0.15191   0.08255   0.06638   0.19925   0.03674   0.23260   0.10010   0.11628   0.15208   0.56832   0.26277   0.18409   0.36688   0.18775   0.19894   0.11005   0.23593   0.18045   0.23193   0.34784   0.43978   1.29947   0.13055   0.14043  
 16 287.8011   6064.527373  x:  0.11705   0.15525   0.06249   0.23322   0.03212   0.22733   0.13557   0.10064   0.14250   0.56058   0.26911   0.19231   0.34930   0.15799   0.16948   0.06843   0.18946   0.15745   0.26476   0.33599   0.43097   1.36522   0.12604   0.16719  
 17 235.8256   6059.585103  x:  0.11105   0.15005   0.05873   0.25650   0.03324   0.20502   0.11603   0.11149   0.10076   0.55053   0.28479   0.21507   0.29158   0.15610   0.19202   0.06939   0.16985   0.18787   0.33515   0.30122   0.39415   1.39000   0.12554   0.18237  
 18 80.6141   6058.776305  x:  0.12043   0.14945   0.06016   0.23892   0.03171   0.20859   0.12053   0.10807   0.09708   0.54388   0.28926   0.22240   0.28415   0.15610   0.18430   0.07062   0.18113   0.17347   0.36502   0.28543   0.37501   1.39397   0.12551   0.17450  
 19 35.1618   6058.610427  x:  0.11605   0.14939   0.06113   0.23568   0.02939   0.21635   0.12142   0.10795   0.10222   0.54447   0.28685   0.21512   0.28503   0.15485   0.19238   0.07181   0.18233   0.17125   0.37680   0.28614   0.37104   1.39463   0.12507   0.17647  
 20 11.9637   6058.256347  x:  0.12209   0.15002   0.06069   0.24403   0.02728   0.22456   0.11744   0.11138   0.09901   0.54564   0.28087   0.21134   0.30335   0.15633   0.18625   0.07470   0.18308   0.17461   0.39748   0.29533   0.36841   1.39510   0.12351   0.18296  
 21  7.3887   6056.597236  x:  0.12301   0.15276   0.06298   0.24319   0.03213   0.21170   0.13681   0.10038   0.08546   0.53963   0.27870   0.21583   0.31845   0.14560   0.20139   0.09377   0.17091   0.18010   0.41187   0.31694   0.37838   1.40343   0.12107   0.15803  
 22  6.1933   6046.426403  x:  0.13912   0.17389   0.06005   0.23428   0.04126   0.18179   0.13478   0.10566   0.16399   0.60573   0.27041   0.22639   0.26282   0.15453   0.18266   0.16070   0.14538   0.18855   0.35058   0.28753   0.36754   1.47916   0.11304   0.19379  
 23 17.8142   6043.491398  x:  0.14377   0.17331   0.05980   0.26424   0.03496   0.22224   0.14079   0.10107   0.13995   0.61627   0.25379   0.22898   0.25379   0.14894   0.19564   0.17256   0.15300   0.17705   0.30274   0.25399   0.34258   1.50135   0.11266   0.19181  
 24 60.7387   6043.431220  x:  0.14326   0.17345   0.05976   0.26423   0.03498   0.22174   0.14057   0.10116   0.13853   0.61688   0.25525   0.22847   0.25092   0.14945   0.19507   0.17266   0.15384   0.17560   0.29919   0.26496   0.33113   1.50244   0.11287   0.19203  
 25  4.2325   6043.294584  x:  0.14523   0.17301   0.05978   0.26404   0.03513   0.22088   0.14140   0.10057   0.14615   0.61684   0.25237   0.23440   0.25757   0.14709   0.19841   0.16787   0.14992   0.18233   0.29707   0.26467   0.31987   1.50515   0.11280   0.18818  
 26  1.7789   6028.900934  x:  0.18453   0.14269   0.06085   0.27444   0.02665   0.22256   0.15380   0.08869   0.13139   0.55610   0.22605   0.17953   0.32035   0.12038   0.24647   0.17922   0.15062   0.14999   0.34583   0.32173   0.36422   1.87590   0.10856   0.20863  
 27  2.2546   6028.374050  x:  0.18364   0.14387   0.06285   0.25442   0.02512   0.23595   0.15526   0.08708   0.11993   0.55421   0.22138   0.17525   0.32027   0.12287   0.23952   0.18124   0.13699   0.16387   0.34442   0.32395   0.36592   1.88971   0.10906   0.21163  
 28 30.5477   6019.747307  x:  0.17649   0.12500   0.06106   0.23870   0.02993   0.22665   0.13692   0.09718   0.13359   0.60394   0.22558   0.22092   0.31198   0.13327   0.20340   0.19418   0.15625   0.16943   0.30737   0.29227   0.34090   2.16095   0.13462   0.19227  
 29  0.1768   6018.007670  x:  0.17655   0.14408   0.06034   0.25392   0.03074   0.23117   0.13085   0.10541   0.14443   0.60403   0.25494   0.20768   0.28414   0.13211   0.21998   0.18638   0.15508   0.18043   0.31353   0.29163   0.36020   2.30543   0.13248   0.19268  
 30  0.0998   6017.621774  x:  0.16647   0.14582   0.06043   0.25509   0.02833   0.23551   0.13279   0.10237   0.13266   0.62228   0.25335   0.20628   0.29538   0.12958   0.21173   0.18304   0.15424   0.17278   0.32405   0.28996   0.35716   2.37717   0.13133   0.18950  
 31  0.0674   6017.577112  x:  0.16626   0.14562   0.06031   0.25325   0.02777   0.23430   0.13412   0.10168   0.13621   0.61652   0.25078   0.20647   0.29700   0.13060   0.21389   0.17825   0.15578   0.17417   0.31708   0.29236   0.35852   2.39706   0.13159   0.19042  
 32  0.0192   6017.572970  x:  0.16613   0.14553   0.06022   0.25374   0.02786   0.23402   0.13440   0.10164   0.13627   0.61593   0.25010   0.20672   0.29577   0.13092   0.21399   0.17677   0.15562   0.17373   0.31961   0.29208   0.35761   2.39890   0.13190   0.19153  
 33  0.0032   6017.572483  x:  0.16610   0.14566   0.06022   0.25373   0.02790   0.23421   0.13442   0.10164   0.13609   0.61562   0.25038   0.20706   0.29555   0.13128   0.21365   0.17638   0.15560   0.17356   0.31898   0.29201   0.35773   2.39749   0.13189   0.19202  
 34  0.0014   6017.572461  x:  0.16615   0.14565   0.06022   0.25378   0.02787   0.23424   0.13446   0.10162   0.13608   0.61569   0.25052   0.20702   0.29563   0.13123   0.21369   0.17624   0.15561   0.17360   0.31904   0.29199   0.35778   2.39712   0.13187   0.19202  
 35  0.0004   6017.572460  x:  0.16614   0.14565   0.06022   0.25377   0.02787   0.23424   0.13445   0.10162   0.13609   0.61564   0.25055   0.20700   0.29564   0.13123   0.21368   0.17622   0.15561   0.17360   0.31904   0.29197   0.35777   2.39713   0.13188   0.19203  
 36  0.0001   6017.572460  x:  0.16614   0.14565   0.06022   0.25377   0.02787   0.23424   0.13445   0.10162   0.13609   0.61564   0.25054   0.20700   0.29564   0.13122   0.21368   0.17622   0.15561   0.17360   0.31903   0.29198   0.35777   2.39712   0.13188   0.19203  
 37  0.0000   6017.572460  x:  0.16614   0.14565   0.06022   0.25377   0.02787   0.23424   0.13445   0.10162   0.13609   0.61564   0.25054   0.20700   0.29564   0.13122   0.21368   0.17622   0.15561   0.17360   0.31903   0.29198   0.35777   2.39712   0.13188   0.19203  
 38  0.0000   6017.572460  x:  0.16614   0.14565   0.06022   0.25377   0.02787   0.23424   0.13445   0.10162   0.13609   0.61564   0.25054   0.20700   0.29564   0.13122   0.21368   0.17622   0.15561   0.17360   0.31903   0.29198   0.35777   2.39712   0.13188   0.19203  
 39  0.0000   6017.572460  x:  0.16614   0.14565   0.06022   0.25377   0.02787   0.23424   0.13445   0.10162   0.13609   0.61564   0.25054   0.20700   0.29564   0.13122   0.21368   0.17622   0.15561   0.17360   0.31903   0.29198   0.35777   2.39712   0.13188   0.19203  