

2 (Sim) ... 1 (Mel)
  0  0.0000    929.927830  x:  0.08265   0.74768  
  1 99.0000    929.454378  x:  0.10374   0.74514  
  2 48.2902    927.180866  x:  0.10508   0.27567  
  3  6.0188    927.178801  x:  0.10637   0.27075  
  4  0.0053    927.178200  x:  0.10683   0.27424  
  5  0.0130    927.178200  x:  0.10683   0.27421  
  6  0.0000    927.178200  x:  0.10683   0.27421  
  7  0.0000    927.178200  x:  0.10683   0.27421  
  8  0.0000    927.178200  x:  0.10683   0.27421  
check convergence!
