Supplemental results for CODEML (seqf: ..\seqfile.nuc  treef: ..\treem3.nwk)


dN/dS (w) for site classes (K=3)

p:   0.47878  0.39172  0.12950
w:   0.03441  0.73592  2.50152

Naive Empirical Bayes (NEB) probabilities for 3 classes & postmean_w & P(w>1)
(amino acids refer to 1st sequence: AJ344371)

   1 M   0.99974 0.00026 0.00000 ( 1)  0.035  0.000
   2 G   0.99355 0.00645 0.00000 ( 1)  0.039  0.000
   3 A   0.99728 0.00272 0.00000 ( 1)  0.036  0.000
   4 S   0.99590 0.00410 0.00000 ( 1)  0.037  0.000
   5 G   0.99989 0.00011 0.00000 ( 1)  0.034  0.000
   6 S   0.92738 0.07255 0.00007 ( 1)  0.085  0.000
   7 K   0.99957 0.00043 0.00000 ( 1)  0.035  0.000
   8 R   0.00000 0.99987 0.00013 ( 2)  0.736  0.000
   9 R   0.00000 0.00454 0.99546 ( 3)  2.493  0.995
  10 S   0.92738 0.07255 0.00007 ( 1)  0.085  0.000
  11 R   0.00000 0.46831 0.53169 ( 3)  1.675  0.532
  12 S   0.53213 0.46752 0.00035 ( 1)  0.363  0.000
  13 L   0.00000 0.24371 0.75629 ( 3)  2.071  0.756
  14 Q   0.00000 0.96706 0.03294 ( 2)  0.794  0.033
  15 G   0.00012 0.99986 0.00002 ( 2)  0.736  0.000
  16 L   0.98153 0.01847 0.00000 ( 1)  0.047  0.000
  17 Q   0.00000 0.22203 0.77797 ( 3)  2.110  0.778
  18 E   0.14087 0.85912 0.00000 ( 2)  0.637  0.000
  19 R   0.99979 0.00021 0.00000 ( 1)  0.035  0.000
  20 L   0.93288 0.06707 0.00006 ( 1)  0.082  0.000
  21 L   0.49018 0.50919 0.00063 ( 2)  0.393  0.001
  22 R   0.00002 0.99603 0.00395 ( 2)  0.743  0.004
  23 A   0.04233 0.95765 0.00001 ( 2)  0.706  0.000
  24 R   0.00000 0.55272 0.44728 ( 2)  1.526  0.447
  25 G   0.31652 0.68348 0.00000 ( 2)  0.514  0.000
  26 E   0.00000 0.99924 0.00076 ( 2)  0.737  0.001
  27 T   0.00000 0.72327 0.27673 ( 2)  1.225  0.277
  28 C   0.00000 0.93643 0.06357 ( 2)  0.848  0.064
  29 G   0.99941 0.00059 0.00000 ( 1)  0.035  0.000
  30 G   0.01106 0.98894 0.00000 ( 2)  0.728  0.000
  31 R   0.00000 0.00001 0.99999 ( 3)  2.501  1.000
  32 C   0.00000 0.01440 0.98560 ( 3)  2.476  0.986
  33 N   0.00000 0.00000 1.00000 ( 3)  2.502  1.000
  34 E   0.00000 0.70780 0.29220 ( 2)  1.252  0.292
  35 S   0.07203 0.92695 0.00102 ( 2)  0.687  0.001
  36 E   0.00000 0.99623 0.00377 ( 2)  0.743  0.004
  37 G   0.00001 0.99994 0.00004 ( 2)  0.736  0.000
  38 G   0.00000 0.99868 0.00132 ( 2)  0.738  0.001
  39 Y   0.00014 0.98081 0.01905 ( 2)  0.769  0.019
  40 L   0.00000 0.01338 0.98662 ( 3)  2.478  0.987
  41 Q   0.00000 0.98571 0.01429 ( 2)  0.761  0.014
  42 S   0.00000 0.01843 0.98157 ( 3)  2.469  0.982
  43 H   0.01983 0.98008 0.00009 ( 2)  0.722  0.000
  44 E   0.00011 0.99989 0.00000 ( 2)  0.736  0.000
  45 G   0.00000 0.99814 0.00186 ( 2)  0.739  0.002
  46 S   0.99140 0.00860 0.00000 ( 1)  0.040  0.000
  47 G   0.00000 0.91377 0.08623 ( 2)  0.888  0.086
  48 R   0.00488 0.99511 0.00001 ( 2)  0.733  0.000
  49 E   0.00000 0.99975 0.00025 ( 2)  0.736  0.000
  50 Q   0.98815 0.01185 0.00000 ( 1)  0.043  0.000
  51 R   0.00000 0.98699 0.01301 ( 2)  0.759  0.013
  52 S   0.00001 0.98140 0.01859 ( 2)  0.769  0.019
  53 P   0.02793 0.96175 0.01032 ( 2)  0.735  0.010
  54 S   0.92830 0.07163 0.00007 ( 1)  0.085  0.000
  55 C   0.72546 0.27452 0.00003 ( 1)  0.227  0.000
  56 E   0.99964 0.00036 0.00000 ( 1)  0.035  0.000
  57 G   0.99988 0.00012 0.00000 ( 1)  0.034  0.000
  58 Q   0.07900 0.92067 0.00033 ( 2)  0.681  0.000
  59 R   0.00000 0.96826 0.03174 ( 2)  0.792  0.032
  60 Y   0.98356 0.01644 0.00000 ( 1)  0.046  0.000
  61 Q   0.00000 0.84285 0.15715 ( 2)  1.013  0.157
  62 E   0.00002 0.99579 0.00418 ( 2)  0.743  0.004
  63 G   0.99986 0.00014 0.00000 ( 1)  0.035  0.000
  64 D   0.04477 0.95522 0.00001 ( 2)  0.705  0.000
  65 Y   0.07549 0.92369 0.00082 ( 2)  0.684  0.001
  66 M   0.88276 0.11724 0.00000 ( 1)  0.117  0.000
  67 N   0.99822 0.00178 0.00000 ( 1)  0.036  0.000
  68 T   0.96415 0.03585 0.00001 ( 1)  0.060  0.000
  69 P   0.99704 0.00296 0.00000 ( 1)  0.036  0.000
  70 W   0.07494 0.92422 0.00085 ( 2)  0.685  0.001
  71 R   0.00107 0.99893 0.00000 ( 2)  0.735  0.000
  72 T   0.00000 0.01800 0.98200 ( 3)  2.470  0.982
  73 P   0.93779 0.06220 0.00000 ( 1)  0.078  0.000
  74 A   0.00029 0.99969 0.00002 ( 2)  0.736  0.000
  75 T   0.00000 0.00529 0.99471 ( 3)  2.492  0.995
  76 E   0.49415 0.50585 0.00000 ( 2)  0.389  0.000
  77 R   0.00000 0.04615 0.95385 ( 3)  2.420  0.954
  78 E   0.99263 0.00737 0.00000 ( 1)  0.040  0.000
  79 K   0.00000 0.97665 0.02335 ( 2)  0.777  0.023
  80 E   0.00000 0.76166 0.23834 ( 2)  1.157  0.238
  81 L   0.00000 0.00125 0.99875 ( 3)  2.499  0.999
  82 Y   0.58580 0.41401 0.00019 ( 1)  0.325  0.000
  83 K   0.00000 0.99463 0.00537 ( 2)  0.745  0.005
  84 Q   0.99507 0.00493 0.00000 ( 1)  0.038  0.000
  85 Q   0.90567 0.09433 0.00000 ( 1)  0.101  0.000
  86 N   0.99839 0.00161 0.00000 ( 1)  0.036  0.000
  87 M   0.99974 0.00026 0.00000 ( 1)  0.035  0.000
  88 D   0.99892 0.00108 0.00000 ( 1)  0.035  0.000
  89 D   0.97493 0.02507 0.00000 ( 1)  0.052  0.000
  90 V   0.98964 0.01036 0.00000 ( 1)  0.042  0.000
  91 D   0.99894 0.00106 0.00000 ( 1)  0.035  0.000
  92 L   0.00000 0.95924 0.04076 ( 2)  0.808  0.041
  93 D   0.97863 0.02137 0.00000 ( 1)  0.049  0.000
  94 D   0.97775 0.02225 0.00000 ( 1)  0.050  0.000
  95 D   0.00423 0.99576 0.00001 ( 2)  0.733  0.000
  96 D   0.03959 0.96040 0.00001 ( 2)  0.708  0.000
  97 Q   0.00000 0.54278 0.45722 ( 2)  1.543  0.457
  98 V   0.00046 0.99953 0.00001 ( 2)  0.736  0.000
  99 G   0.99967 0.00033 0.00000 ( 1)  0.035  0.000
 100 F   0.00001 0.93843 0.06156 ( 2)  0.845  0.062
 101 P   0.00000 0.00092 0.99908 ( 3)  2.500  0.999
 102 V   0.96712 0.03287 0.00000 ( 1)  0.057  0.000
 103 T   0.00000 0.99612 0.00388 ( 2)  0.743  0.004
 104 P   0.42465 0.57535 0.00000 ( 2)  0.438  0.000
 105 K   0.00000 0.99956 0.00044 ( 2)  0.737  0.000
 106 V   0.00026 0.99972 0.00002 ( 2)  0.736  0.000
 107 P   0.00000 0.99121 0.00879 ( 2)  0.751  0.009
 108 L   0.65274 0.34717 0.00009 ( 1)  0.278  0.000
 109 R   0.99975 0.00025 0.00000 ( 1)  0.035  0.000
 110 P   0.00000 0.01445 0.98555 ( 3)  2.476  0.986
 111 M   0.99974 0.00026 0.00000 ( 1)  0.035  0.000
 112 T   0.99918 0.00082 0.00000 ( 1)  0.035  0.000
 113 F   0.00000 0.80123 0.19877 ( 2)  1.087  0.199
 114 K   0.00000 0.99871 0.00129 ( 2)  0.738  0.001
 115 L   0.00000 0.33528 0.66472 ( 3)  1.910  0.665
 116 A   0.99951 0.00049 0.00000 ( 1)  0.035  0.000
 117 V   0.00000 0.97277 0.02723 ( 2)  0.784  0.027
 118 D   0.99872 0.00128 0.00000 ( 1)  0.035  0.000
 119 M   0.99974 0.00026 0.00000 ( 1)  0.035  0.000
 120 S   0.99121 0.00879 0.00000 ( 1)  0.041  0.000
 121 H   0.29164 0.70835 0.00001 ( 2)  0.531  0.000
 122 F   0.00000 0.05775 0.94225 ( 3)  2.400  0.942
 123 L   0.99587 0.00413 0.00000 ( 1)  0.037  0.000
 124 K   0.99994 0.00006 0.00000 ( 1)  0.034  0.000
 125 E   0.00000 0.99758 0.00242 ( 2)  0.740  0.002
 126 K   0.25836 0.74164 0.00000 ( 2)  0.555  0.000
 127 G   0.99940 0.00060 0.00000 ( 1)  0.035  0.000
 128 G   0.99990 0.00010 0.00000 ( 1)  0.034  0.000
 129 L   0.96328 0.03672 0.00001 ( 1)  0.060  0.000
 130 E   0.99865 0.00135 0.00000 ( 1)  0.035  0.000
 131 G   0.99942 0.00058 0.00000 ( 1)  0.035  0.000
 132 I   0.01498 0.98502 0.00000 ( 2)  0.725  0.000
 133 F   0.00018 0.99043 0.00939 ( 2)  0.752  0.009
 134 Y   0.61448 0.38538 0.00014 ( 1)  0.305  0.000
 135 S   0.02231 0.97765 0.00004 ( 2)  0.720  0.000
 136 H   0.00000 0.99923 0.00077 ( 2)  0.737  0.001
 137 R   0.00097 0.99903 0.00000 ( 2)  0.735  0.000
 138 R   0.99978 0.00022 0.00000 ( 1)  0.035  0.000
 139 H   0.29983 0.70016 0.00001 ( 2)  0.526  0.000
 140 K   0.00000 0.99821 0.00179 ( 2)  0.739  0.002
 141 I   0.97216 0.02783 0.00000 ( 1)  0.054  0.000
 142 L   0.96557 0.03443 0.00001 ( 1)  0.059  0.000
 143 D   0.99822 0.00178 0.00000 ( 1)  0.036  0.000
 144 L   0.00000 0.99997 0.00003 ( 2)  0.736  0.000
 145 Y   0.96997 0.03003 0.00000 ( 1)  0.055  0.000
 146 L   0.56083 0.43886 0.00031 ( 1)  0.343  0.000
 147 E   0.99809 0.00191 0.00000 ( 1)  0.036  0.000
 148 K   0.01035 0.98965 0.00000 ( 2)  0.729  0.000
 149 E   0.96680 0.03320 0.00000 ( 1)  0.058  0.000
 150 E   0.99563 0.00437 0.00000 ( 1)  0.037  0.000
 151 G   0.99948 0.00052 0.00000 ( 1)  0.035  0.000
 152 I   0.92968 0.07032 0.00000 ( 1)  0.084  0.000
 153 V   0.00024 0.99478 0.00498 ( 2)  0.745  0.005
 154 A   0.00000 0.99745 0.00255 ( 2)  0.740  0.003
 155 D   0.99883 0.00117 0.00000 ( 1)  0.035  0.000
 156 W   0.97301 0.02699 0.00000 ( 1)  0.053  0.000
 157 Q   0.98852 0.01148 0.00000 ( 1)  0.042  0.000
 158 N   0.00008 0.99971 0.00022 ( 2)  0.736  0.000
 159 Y   0.98380 0.01620 0.00000 ( 1)  0.046  0.000
 160 T   0.66646 0.33347 0.00006 ( 1)  0.269  0.000
 161 H   0.01880 0.98114 0.00007 ( 2)  0.723  0.000
 162 G   0.99940 0.00060 0.00000 ( 1)  0.035  0.000
 163 P   0.99704 0.00296 0.00000 ( 1)  0.036  0.000
 164 G   0.99989 0.00011 0.00000 ( 1)  0.034  0.000
 165 T   0.00000 0.00528 0.99472 ( 3)  2.492  0.995
 166 R   0.99952 0.00048 0.00000 ( 1)  0.035  0.000
 167 Y   0.00362 0.99270 0.00368 ( 2)  0.740  0.004
 168 P   0.99657 0.00343 0.00000 ( 1)  0.037  0.000
 169 M   0.00000 0.94519 0.05481 ( 2)  0.833  0.055
 170 F   0.00000 0.00003 0.99997 ( 3)  2.501  1.000
 171 F   0.08094 0.91840 0.00066 ( 2)  0.680  0.001
 172 G   0.99951 0.00049 0.00000 ( 1)  0.035  0.000
 173 W   0.97301 0.02699 0.00000 ( 1)  0.053  0.000
 174 L   0.98390 0.01610 0.00000 ( 1)  0.046  0.000
 175 W   0.97301 0.02699 0.00000 ( 1)  0.053  0.000
 176 K   0.99970 0.00030 0.00000 ( 1)  0.035  0.000
 177 L   0.98365 0.01635 0.00000 ( 1)  0.046  0.000
 178 V   0.98814 0.01186 0.00000 ( 1)  0.043  0.000
 179 P   0.99721 0.00279 0.00000 ( 1)  0.036  0.000
 180 V   0.99940 0.00060 0.00000 ( 1)  0.035  0.000
 181 D   0.00000 0.99775 0.00225 ( 2)  0.740  0.002
 182 V   0.00000 0.00001 0.99999 ( 3)  2.502  1.000
 183 P   0.00000 0.99848 0.00152 ( 2)  0.739  0.002
 184 R   0.00000 0.98138 0.01862 ( 2)  0.769  0.019
 185 E   0.00000 0.99931 0.00068 ( 2)  0.737  0.001
 186 D   0.00000 0.00142 0.99858 ( 3)  2.499  0.999
 187 E   0.00001 0.99990 0.00008 ( 2)  0.736  0.000
 188 A   0.00001 0.96770 0.03229 ( 2)  0.793  0.032
 189 N   0.00002 0.99584 0.00413 ( 2)  0.743  0.004
 190 C   0.06263 0.93607 0.00130 ( 2)  0.694  0.001
 191 L   0.96588 0.03412 0.00001 ( 1)  0.058  0.000
 192 L   0.00000 0.21697 0.78303 ( 3)  2.118  0.783
 193 H   0.99105 0.00895 0.00000 ( 1)  0.041  0.000
 194 P   0.99721 0.00279 0.00000 ( 1)  0.036  0.000
 195 A   0.99950 0.00050 0.00000 ( 1)  0.035  0.000
 196 Q   0.99563 0.00437 0.00000 ( 1)  0.037  0.000
 197 T   0.00000 0.99114 0.00886 ( 2)  0.752  0.009
 198 S   0.00002 0.99732 0.00265 ( 2)  0.741  0.003
 199 R   0.00000 0.00310 0.99690 ( 3)  2.496  0.997
 200 F   0.00018 0.99029 0.00953 ( 2)  0.753  0.010
 201 D   0.97708 0.02292 0.00000 ( 1)  0.050  0.000
 202 D   0.99765 0.00235 0.00000 ( 1)  0.036  0.000
 203 Q   0.00000 0.98173 0.01827 ( 2)  0.768  0.018
 204 H   0.99514 0.00486 0.00000 ( 1)  0.038  0.000
 205 G   0.77823 0.22177 0.00000 ( 1)  0.190  0.000
 206 E   0.99677 0.00323 0.00000 ( 1)  0.037  0.000
 207 T   0.00001 0.99982 0.00018 ( 2)  0.736  0.000
 208 L   0.97565 0.02435 0.00000 ( 1)  0.051  0.000
 209 V   0.00000 0.82039 0.17961 ( 2)  1.053  0.180
 210 W   0.97301 0.02699 0.00000 ( 1)  0.053  0.000
 211 R   0.00000 0.98936 0.01064 ( 2)  0.755  0.011
 212 F   0.97668 0.02332 0.00000 ( 1)  0.051  0.000
 213 D   0.99765 0.00235 0.00000 ( 1)  0.036  0.000
 214 P   0.00000 0.58595 0.41405 ( 2)  1.467  0.414
 215 T   0.01252 0.98748 0.00000 ( 2)  0.727  0.000
 216 L   0.96669 0.03330 0.00001 ( 1)  0.058  0.000
 217 A   0.97567 0.02433 0.00000 ( 1)  0.051  0.000
 218 Y   0.00000 0.02782 0.97218 ( 3)  2.452  0.972
 219 D   0.00000 0.00267 0.99733 ( 3)  2.497  0.997
 220 Y   0.97386 0.02613 0.00000 ( 1)  0.053  0.000
 221 T   0.00000 0.00009 0.99991 ( 3)  2.501  1.000
 222 A   0.96922 0.03078 0.00000 ( 1)  0.056  0.000
 223 F   0.00370 0.99302 0.00329 ( 2)  0.739  0.003
 224 N   0.00000 0.00000 1.00000 ( 3)  2.502  1.000
 225 R   0.00000 0.00000 1.00000 ( 3)  2.502  1.000
 226 F   0.00000 0.00006 0.99994 ( 3)  2.501  1.000
 227 P   0.99717 0.00283 0.00000 ( 1)  0.036  0.000
 228 E   0.99960 0.00040 0.00000 ( 1)  0.035  0.000
 229 E   0.99991 0.00009 0.00000 ( 1)  0.034  0.000
 230 F   0.97607 0.02393 0.00000 ( 1)  0.051  0.000
 231 G   0.00000 0.99980 0.00020 ( 2)  0.736  0.000
 232 H   0.00000 0.12176 0.87824 ( 3)  2.287  0.878
 233 N   0.00000 0.99973 0.00027 ( 2)  0.736  0.000
 234 S   0.99140 0.00860 0.00000 ( 1)  0.040  0.000
 235 G   0.84969 0.15031 0.00000 ( 1)  0.140  0.000
 236 L   0.64193 0.35798 0.00010 ( 1)  0.286  0.000
 237 P   0.02876 0.97121 0.00003 ( 2)  0.716  0.000
 238 E   0.99987 0.00013 0.00000 ( 1)  0.035  0.000
 239 K   0.00000 0.83101 0.16899 ( 2)  1.034  0.169
 240 E   0.99314 0.00686 0.00000 ( 1)  0.039  0.000
 241 W   0.97301 0.02699 0.00000 ( 1)  0.053  0.000
 242 K   0.18226 0.81774 0.00000 ( 2)  0.608  0.000
 243 A   0.99902 0.00098 0.00000 ( 1)  0.035  0.000
 244 R   0.00000 0.99982 0.00018 ( 2)  0.736  0.000
 245 L   0.96391 0.03608 0.00001 ( 1)  0.060  0.000
 246 K   0.99994 0.00006 0.00000 ( 1)  0.034  0.000
 247 A   0.99951 0.00049 0.00000 ( 1)  0.035  0.000
 248 R   0.99974 0.00026 0.00000 ( 1)  0.035  0.000
 249 G   0.99969 0.00031 0.00000 ( 1)  0.035  0.000
 250 I   0.99987 0.00013 0.00000 ( 1)  0.035  0.000
 251 P   0.99583 0.00417 0.00000 ( 1)  0.037  0.000
 252 C   0.00000 0.03373 0.96627 ( 3)  2.442  0.966

Positively selected sites

	Prob(w>1)  mean w

     9 R      0.995**       2.493
    11 R      0.532         1.675
    13 L      0.756         2.071
    17 Q      0.778         2.110
    31 R      1.000**       2.501
    32 C      0.986*        2.476
    33 N      1.000**       2.502
    40 L      0.987*        2.478
    42 S      0.982*        2.469
    72 T      0.982*        2.470
    75 T      0.995**       2.492
    77 R      0.954*        2.420
    81 L      0.999**       2.499
   101 P      0.999**       2.500
   110 P      0.986*        2.476
   115 L      0.665         1.910
   122 F      0.942         2.400
   165 T      0.995**       2.492
   170 F      1.000**       2.501
   182 V      1.000**       2.502
   186 D      0.999**       2.499
   192 L      0.783         2.118
   199 R      0.997**       2.496
   218 Y      0.972*        2.452
   219 D      0.997**       2.497
   221 T      1.000**       2.501
   224 N      1.000**       2.502
   225 R      1.000**       2.502
   226 F      1.000**       2.501
   232 H      0.878         2.287
   252 C      0.966*        2.442


lnL = -9232.187086

