

TREE # 1

  0  0.0000  10227.159399  x:  0.00002   0.11074   2.50000   5.40664  10.24101  
  1 99.0000   9626.014222  x:  1.70339  -0.24189   0.34540   5.09096  10.16406  
  2 206.3923   9531.252090  x:  2.95217  -0.05800   0.51091   4.18663  10.01815  
  3 119.5877   9487.006069  x:  3.17511   0.48535   0.27673   3.28724   9.90151  
  4 113.1516   9393.534932  x:  2.80421   0.39925   0.13761   1.49555  10.50679  
  5 14.1376   9385.641364  x:  2.78162   0.63607   0.11252   1.24595  10.60885  
  6 45.9545   9327.493421  x:  3.11771   2.49414   0.13683   1.18895  10.93220  
  7  4.6912   9295.598049  x:  3.22913   2.86410   0.04716   1.10240   8.05115  
  8  2.4576   9273.158063  x:  2.85594   2.69368   0.02422   1.06963   4.04158  
  9 11.6005   9267.094321  x:  2.76152   2.63268   0.03184   1.07448   3.05879  
 10  9.0407   9260.529848  x:  2.76024   2.79467   0.04533   1.08514   3.70608  
 11  1.5293   9255.456002  x:  2.72859   2.68545   0.04975   0.91803   3.22290  
 12  0.8512   9247.656833  x:  2.13742   2.10464   0.05242   0.85227   2.39298  
 13  0.8247   9240.018108  x:  1.41254   1.21744   0.06027   0.84406   2.25538  
 14  2.9074   9236.074342  x:  1.30311   1.07446   0.05814   0.83572   2.62062  
 15  0.6605   9233.439409  x:  1.43937   1.30726   0.04465   0.75532   2.63908  
 16  0.3369   9232.394956  x:  1.28958   1.13545   0.03429   0.71288   2.50626  
 17  0.2511   9232.197772  x:  1.31119   1.12651   0.03358   0.73588   2.51138  
 18  0.0523   9232.187758  x:  1.30628   1.10864   0.03450   0.73686   2.50337  
 19  0.0272   9232.187089  x:  1.30749   1.10686   0.03441   0.73593   2.50116  
 20  0.0031   9232.187086  x:  1.30755   1.10686   0.03441   0.73592   2.50152  
 21  0.0003   9232.187086  x:  1.30754   1.10684   0.03441   0.73592   2.50152  
 22  0.0000   9232.187086  x:  1.30754   1.10684   0.03441   0.73592   2.50152  
 23  0.0000   9232.187086  x:  1.30754   1.10684   0.03441   0.73592   2.50152  