

TREE # 1

  0  0.0000   1058.030360  x:  0.03288   0.06328   0.02800   0.00859   0.01144   0.00312   0.01885   0.00244   0.03702   0.01863   0.00718   0.00030   0.00826   0.00000   0.00799   0.02066   0.00134   0.02024   0.00390   0.01634   0.00861   0.05518   0.00561   0.00619   0.01181   0.00481   0.00234   0.03437   0.12138   0.03287   0.00000   0.03882   0.03411   2.00000   1.00000  
  1 99.0000   1058.027008  x:  0.03288   0.06328   0.02800   0.00859   0.01144   0.00312   0.01885   0.00244   0.03702   0.01863   0.00718   0.00030   0.00826   0.00000   0.00799   0.02066   0.00134   0.02024   0.00390   0.01634   0.00861   0.05518   0.00561   0.00619   0.01181   0.00481   0.00234   0.03437   0.12138   0.03286   0.00000   0.03882   0.03411   2.00000   1.00000  
  2 731.7074   1057.726827  x:  0.03295   0.06332   0.02799   0.00857   0.01134   0.00283   0.01892   0.00285   0.03702   0.01869   0.00689   0.00000   0.00825   0.00000   0.00798   0.02059   0.00129   0.02018   0.00415   0.01633   0.00859   0.05523   0.00568   0.00627   0.01190   0.00452   0.00204   0.03436   0.12139   0.03282   0.00000   0.03879   0.03414   2.00002   0.99997  
  3 499.2824   1056.518250  x:  0.03342   0.06361   0.02793   0.00842   0.01074   0.00078   0.01938   0.00258   0.03701   0.01907   0.00486   0.00000   0.00817   0.00000   0.00795   0.02013   0.00132   0.01976   0.00498   0.01627   0.00845   0.05560   0.00608   0.00667   0.01248   0.00247   0.00000   0.03426   0.12145   0.03249   0.00000   0.03853   0.03440   2.00015   0.99977  
  4 798.4154   1056.181573  x:  0.03358   0.06371   0.02791   0.00839   0.01055   0.00000   0.01952   0.00261   0.03701   0.01919   0.00409   0.00000   0.00815   0.00000   0.00795   0.01997   0.00133   0.01962   0.00488   0.01625   0.00842   0.05573   0.00614   0.00673   0.01262   0.00170   0.00000   0.03422   0.12148   0.03237   0.00000   0.03843   0.03450   2.00020   0.99970  
  5 2481.9002   1055.705876  x:  0.03380   0.06387   0.02788   0.00841   0.01039   0.00000   0.01964   0.00263   0.03698   0.01932   0.00238   0.00000   0.00817   0.00000   0.00795   0.01972   0.00134   0.01945   0.00495   0.01624   0.00844   0.05593   0.00596   0.00654   0.01255   0.00000   0.00000   0.03416   0.12153   0.03217   0.00000   0.03827   0.03464   2.00031   0.99954  
  6 2097.9787   1055.368400  x:  0.03400   0.06400   0.02785   0.00845   0.01044   0.00000   0.01963   0.00266   0.03695   0.01934   0.00000   0.00000   0.00819   0.00000   0.00796   0.01948   0.00137   0.01937   0.00497   0.01625   0.00848   0.05612   0.00601   0.00661   0.01239   0.00000   0.00000   0.03411   0.12159   0.03197   0.00000   0.03809   0.03478   2.00046   0.99932  
  7 2095.1292   1054.692595  x:  0.03833   0.06530   0.02757   0.00704   0.01299   0.00000   0.01751   0.00350   0.03646   0.01683   0.00000   0.00000   0.00710   0.00000   0.00755   0.01354   0.00213   0.01987   0.00595   0.01649   0.00690   0.05980   0.00559   0.00462   0.01729   0.00000   0.00000   0.03367   0.12389   0.02775   0.00000   0.03400   0.03719   2.00623   0.99087  
  8 115.5409   1054.322630  x:  0.03919   0.06539   0.02772   0.00808   0.01098   0.00000   0.01889   0.00401   0.03655   0.01660   0.00000   0.00000   0.00803   0.00000   0.00791   0.01532   0.00257   0.02035   0.00644   0.01633   0.00802   0.06084   0.00286   0.00671   0.01951   0.00000   0.00000   0.03375   0.12522   0.02688   0.00000   0.03286   0.03771   2.01058   0.98449  
  9 77.2148   1053.812635  x:  0.03943   0.06533   0.02803   0.00955   0.00642   0.00000   0.02195   0.00478   0.03685   0.01750   0.00000   0.00000   0.00925   0.00000   0.00840   0.01966   0.00322   0.02065   0.00720   0.01595   0.00958   0.06184   0.00488   0.00479   0.02087   0.00000   0.00000   0.03413   0.12708   0.02662   0.00000   0.03209   0.03801   2.01760   0.97420  
 10 194.4768   1053.487737  x:  0.03814   0.06552   0.02816   0.00687   0.00648   0.00000   0.02546   0.00538   0.03745   0.02177   0.00000   0.00000   0.00695   0.00000   0.00742   0.02166   0.00362   0.01805   0.00773   0.01553   0.00675   0.06129   0.00445   0.00488   0.01948   0.00000   0.00000   0.03417   0.12771   0.02856   0.00000   0.03390   0.03748   2.02327   0.96584  
 11 82.8226   1053.362892  x:  0.03696   0.06561   0.02802   0.00769   0.00775   0.00000   0.02667   0.00556   0.03790   0.02442   0.00000   0.00000   0.00818   0.00000   0.00809   0.01957   0.00378   0.01553   0.00789   0.01555   0.00790   0.05981   0.00461   0.00473   0.02045   0.00000   0.00000   0.03391   0.12726   0.03061   0.00000   0.03633   0.03664   2.02685   0.96051  
 12 52.1736   1053.290324  x:  0.03631   0.06566   0.02777   0.00807   0.00597   0.00000   0.02599   0.00563   0.03803   0.02495   0.00000   0.00000   0.00790   0.00000   0.00787   0.01717   0.00385   0.01561   0.00797   0.01578   0.00796   0.05832   0.00453   0.00508   0.01993   0.00000   0.00000   0.03356   0.12647   0.03174   0.00000   0.03800   0.03596   2.02992   0.95590  
 13 44.3018   1052.900461  x:  0.04159   0.06973   0.02550   0.00627   0.00661   0.00000   0.02878   0.00574   0.03756   0.02608   0.00000   0.00000   0.00954   0.00000   0.00865   0.01636   0.00393   0.02154   0.00804   0.01455   0.00820   0.05237   0.00476   0.00508   0.01944   0.00000   0.00000   0.02987   0.11779   0.03079   0.00000   0.04211   0.03542   2.05800   0.91345  
 14 35.3443   1052.413592  x:  0.04545   0.07335   0.02496   0.01177   0.00775   0.00000   0.02938   0.00563   0.03728   0.02532   0.00000   0.00000   0.00614   0.00000   0.00690   0.01802   0.00398   0.02122   0.00809   0.01547   0.00687   0.04849   0.00490   0.00478   0.02018   0.00000   0.00000   0.02861   0.10816   0.02950   0.00000   0.04426   0.03541   2.09553   0.85660  
 15 269.1148   1050.864500  x:  0.04792   0.07859   0.02764   0.00784   0.00587   0.00000   0.02404   0.00566   0.03748   0.01917   0.00000   0.00000   0.00832   0.00000   0.00810   0.02225   0.00403   0.01186   0.00821   0.01861   0.00682   0.04636   0.00461   0.00469   0.02013   0.00000   0.00000   0.03212   0.08733   0.02841   0.00000   0.04505   0.03569   2.20203   0.69509  
 16 524.5995   1049.245572  x:  0.04171   0.07928   0.02998   0.00715   0.00673   0.00000   0.02512   0.00564   0.03853   0.02083   0.00000   0.00000   0.00518   0.00000   0.00677   0.02017   0.00402   0.01675   0.00812   0.01487   0.01136   0.05646   0.00449   0.00466   0.02079   0.00000   0.00000   0.03641   0.08033   0.03270   0.00000   0.04199   0.03580   2.31815   0.51909  
 17 598.3926   1048.812775  x:  0.03999   0.07862   0.02947   0.00908   0.00675   0.00000   0.02582   0.00557   0.03853   0.02096   0.00000   0.00000   0.00848   0.00000   0.00738   0.01950   0.00401   0.01807   0.00814   0.01501   0.00672   0.05846   0.00450   0.00475   0.02055   0.00000   0.00000   0.03603   0.08227   0.03365   0.00000   0.04121   0.03559   2.35111   0.46971  
 18 628.9931   1048.475184  x:  0.04070   0.07666   0.02656   0.00839   0.00673   0.00000   0.02658   0.00554   0.03792   0.01943   0.00000   0.00000   0.00669   0.00000   0.00947   0.02001   0.00398   0.01655   0.00808   0.01778   0.00765   0.05581   0.00466   0.00478   0.02032   0.00000   0.00000   0.03190   0.09135   0.03275   0.00000   0.04165   0.03509   2.37839   0.43110  
 19 187.9383   1048.408172  x:  0.04132   0.07609   0.02651   0.00810   0.00675   0.00000   0.02614   0.00553   0.03792   0.01958   0.00000   0.00000   0.00736   0.00000   0.00712   0.02025   0.00398   0.01598   0.00807   0.01713   0.00822   0.05445   0.00469   0.00476   0.02035   0.00000   0.00000   0.03148   0.09379   0.03205   0.00000   0.04190   0.03521   2.38408   0.42421  
 20 91.9971   1048.369684  x:  0.04220   0.07554   0.02766   0.00831   0.00666   0.00000   0.02501   0.00551   0.03819   0.02066   0.00000   0.00000   0.00713   0.00000   0.00776   0.02041   0.00398   0.01581   0.00807   0.01523   0.00811   0.05274   0.00467   0.00478   0.02032   0.00000   0.00000   0.03249   0.09564   0.03095   0.00000   0.04215   0.03573   2.38863   0.42088  
 21 33.3037   1048.347568  x:  0.04266   0.07500   0.02871   0.00825   0.00673   0.00000   0.02505   0.00551   0.03842   0.02177   0.00000   0.00000   0.00722   0.00000   0.00771   0.02024   0.00398   0.01644   0.00806   0.01678   0.00822   0.05181   0.00466   0.00480   0.02029   0.00000   0.00000   0.03392   0.09636   0.03022   0.00000   0.04211   0.03632   2.39331   0.42042  
 22 15.2488   1048.066778  x:  0.04251   0.06704   0.02733   0.00838   0.00707   0.00000   0.03085   0.00537   0.03719   0.01887   0.00000   0.00000   0.00710   0.00000   0.00760   0.01729   0.00401   0.01565   0.00796   0.01540   0.00805   0.04859   0.00481   0.00509   0.01867   0.00000   0.00000   0.03772   0.09687   0.02897   0.00000   0.03902   0.03882   2.47538   0.43303  
 23 18.8669   1046.735857  x:  0.04395   0.05158   0.02246   0.00853   0.00675   0.00000   0.02363   0.00480   0.03556   0.02928   0.00000   0.00000   0.00770   0.00000   0.00789   0.01872   0.00410   0.01540   0.00748   0.01636   0.00819   0.05291   0.00492   0.00544   0.01857   0.00000   0.00000   0.02952   0.10198   0.02811   0.00000   0.03118   0.04043   2.87185   0.49851  
 24 266.3410   1045.070003  x:  0.04153   0.07029   0.03498   0.00861   0.00711   0.00000   0.02598   0.00381   0.03981   0.02176   0.00000   0.00000   0.00798   0.00000   0.00773   0.01771   0.00415   0.01584   0.00686   0.01608   0.00763   0.06111   0.00485   0.00547   0.01760   0.00000   0.00000   0.02682   0.12386   0.02907   0.00000   0.03716   0.03700   3.41348   0.58953  
 25 610.7658   1044.856177  x:  0.04061   0.07620   0.02799   0.00858   0.00707   0.00000   0.02456   0.00373   0.03813   0.02211   0.00000   0.00000   0.00804   0.00000   0.00767   0.01849   0.00414   0.01607   0.00678   0.01595   0.00761   0.06170   0.00465   0.00541   0.01824   0.00000   0.00000   0.03286   0.12752   0.02916   0.00000   0.03830   0.03655   3.47754   0.60033  
 26 203.6396   1044.852039  x:  0.03969   0.07684   0.02781   0.00855   0.00707   0.00000   0.02449   0.00374   0.03849   0.02223   0.00000   0.00000   0.00804   0.00000   0.00767   0.01850   0.00414   0.01613   0.00679   0.01594   0.00761   0.06098   0.00467   0.00540   0.01837   0.00000   0.00000   0.03257   0.12752   0.02912   0.00000   0.03744   0.03720   3.47886   0.60054  
 27  4.8930   1044.846282  x:  0.03990   0.07708   0.02804   0.00853   0.00711   0.00000   0.02449   0.00381   0.03827   0.02233   0.00000   0.00000   0.00804   0.00000   0.00767   0.01842   0.00413   0.01613   0.00683   0.01594   0.00762   0.06047   0.00470   0.00545   0.01837   0.00000   0.00000   0.03271   0.12763   0.02962   0.00000   0.03632   0.03601   3.48126   0.60074  
 28  0.9151   1044.739751  x:  0.03871   0.07540   0.02875   0.00829   0.00754   0.00000   0.02306   0.00530   0.03696   0.02125   0.00000   0.00000   0.00798   0.00000   0.00764   0.01913   0.00383   0.01681   0.00768   0.01603   0.00745   0.06023   0.00527   0.00623   0.01923   0.00000   0.00000   0.03291   0.12849   0.03168   0.00000   0.03836   0.03725   3.52975   0.60459  
 29  6.9415   1044.727868  x:  0.03801   0.07496   0.02830   0.00827   0.00761   0.00000   0.02308   0.00545   0.03860   0.02117   0.00000   0.00000   0.00797   0.00000   0.00763   0.01909   0.00379   0.01685   0.00777   0.01601   0.00743   0.06041   0.00533   0.00631   0.01928   0.00000   0.00000   0.03301   0.12837   0.03021   0.00000   0.03877   0.03610   3.53487   0.60497  
 30 15.6861   1044.725204  x:  0.03856   0.07491   0.02806   0.00829   0.00761   0.00000   0.02303   0.00544   0.03960   0.02105   0.00000   0.00000   0.00797   0.00000   0.00763   0.01910   0.00380   0.01684   0.00777   0.01602   0.00742   0.06048   0.00533   0.00632   0.01920   0.00000   0.00000   0.03314   0.12843   0.03081   0.00000   0.03864   0.03634   3.53601   0.60488  
 31  0.7319   1044.098608  x:  0.04127   0.07698   0.02732   0.00790   0.00803   0.00000   0.02510   0.00582   0.03802   0.02248   0.00000   0.00000   0.00771   0.00000   0.00791   0.01495   0.00481   0.01482   0.00791   0.01588   0.00800   0.07005   0.00738   0.00930   0.01684   0.00000   0.00000   0.03441   0.12748   0.02548   0.00000   0.03082   0.04144   3.80534   0.57655  
 32  2.8750   1043.932633  x:  0.04211   0.07613   0.02568   0.00802   0.00737   0.00000   0.02347   0.00708   0.03714   0.02163   0.00000   0.00000   0.00800   0.00000   0.00805   0.01637   0.00547   0.01668   0.00868   0.01593   0.00798   0.07063   0.00749   0.00840   0.01464   0.00000   0.00000   0.03262   0.12938   0.02729   0.00000   0.03283   0.04083   4.08266   0.57235  
 33  0.1748   1043.880075  x:  0.04147   0.07580   0.02761   0.00839   0.00772   0.00000   0.02390   0.00768   0.03767   0.02156   0.00000   0.00000   0.00802   0.00000   0.00785   0.01597   0.00613   0.01572   0.00860   0.01604   0.00812   0.06908   0.00737   0.00778   0.01624   0.00000   0.00000   0.03252   0.12960   0.02643   0.00000   0.03194   0.04077   4.21013   0.57105  
 34  0.0737   1043.857064  x:  0.04179   0.07658   0.02594   0.00791   0.00791   0.00000   0.02372   0.00768   0.03746   0.02180   0.00000   0.00000   0.00797   0.00000   0.00799   0.01558   0.00689   0.01555   0.00801   0.01604   0.00783   0.06794   0.00722   0.00774   0.01590   0.00000   0.00000   0.03301   0.12879   0.02656   0.00000   0.03246   0.04051   4.24412   0.57362  
 35  0.0146   1043.844118  x:  0.04186   0.07581   0.02704   0.00801   0.00784   0.00000   0.02368   0.00753   0.03754   0.02140   0.00000   0.00000   0.00791   0.00000   0.00791   0.01615   0.00746   0.01620   0.00759   0.01589   0.00797   0.06830   0.00714   0.00788   0.01571   0.00000   0.00000   0.03328   0.12800   0.02669   0.00000   0.03217   0.04075   4.21274   0.57492  
 36  0.0166   1043.839032  x:  0.04148   0.07570   0.02672   0.00828   0.00783   0.00000   0.02352   0.00753   0.03753   0.02148   0.00000   0.00000   0.00788   0.00000   0.00787   0.01588   0.00781   0.01597   0.00770   0.01605   0.00799   0.06875   0.00718   0.00804   0.01604   0.00000   0.00000   0.03283   0.12839   0.02672   0.00000   0.03244   0.04061   4.17049   0.57501  
 37  0.0222   1043.837665  x:  0.04143   0.07570   0.02674   0.00808   0.00782   0.00000   0.02359   0.00759   0.03754   0.02137   0.00000   0.00000   0.00795   0.00000   0.00793   0.01593   0.00797   0.01594   0.00789   0.01603   0.00796   0.06868   0.00721   0.00800   0.01589   0.00000   0.00000   0.03291   0.12883   0.02664   0.00000   0.03217   0.04058   4.15913   0.57419  
 38  0.0079   1043.837533  x:  0.04154   0.07577   0.02677   0.00811   0.00784   0.00000   0.02356   0.00760   0.03752   0.02143   0.00000   0.00000   0.00795   0.00000   0.00792   0.01592   0.00800   0.01600   0.00793   0.01600   0.00797   0.06861   0.00721   0.00797   0.01589   0.00000   0.00000   0.03296   0.12886   0.02666   0.00000   0.03227   0.04060   4.15737   0.57383  
 39  0.0014   1043.837524  x:  0.04154   0.07582   0.02677   0.00811   0.00785   0.00000   0.02356   0.00759   0.03752   0.02141   0.00000   0.00000   0.00794   0.00000   0.00792   0.01593   0.00801   0.01599   0.00793   0.01601   0.00797   0.06861   0.00722   0.00796   0.01590   0.00000   0.00000   0.03296   0.12883   0.02666   0.00000   0.03225   0.04061   4.15666   0.57370  
 40  0.0005   1043.837522  x:  0.04154   0.07581   0.02677   0.00810   0.00785   0.00000   0.02356   0.00758   0.03753   0.02141   0.00000   0.00000   0.00794   0.00000   0.00792   0.01592   0.00800   0.01599   0.00793   0.01601   0.00797   0.06862   0.00723   0.00795   0.01590   0.00000   0.00000   0.03296   0.12881   0.02666   0.00000   0.03226   0.04061   4.15673   0.57370  
 41  0.0000   1043.837522  x:  0.04154   0.07581   0.02677   0.00811   0.00785   0.00000   0.02356   0.00758   0.03753   0.02141   0.00000   0.00000   0.00794   0.00000   0.00792   0.01593   0.00801   0.01599   0.00793   0.01601   0.00797   0.06862   0.00723   0.00795   0.01590   0.00000   0.00000   0.03296   0.12881   0.02665   0.00000   0.03226   0.04061   4.15699   0.57374  
 42  0.0002   1043.837522  x:  0.04154   0.07580   0.02677   0.00811   0.00785   0.00000   0.02356   0.00758   0.03753   0.02141   0.00000   0.00000   0.00794   0.00000   0.00792   0.01593   0.00801   0.01599   0.00794   0.01601   0.00797   0.06861   0.00723   0.00795   0.01590   0.00000   0.00000   0.03296   0.12882   0.02666   0.00000   0.03226   0.04061   4.15712   0.57374  
 43  0.0001   1043.837522  x:  0.04154   0.07580   0.02677   0.00811   0.00785   0.00000   0.02356   0.00758   0.03753   0.02141   0.00000   0.00000   0.00794   0.00000   0.00792   0.01593   0.00801   0.01599   0.00794   0.01601   0.00797   0.06861   0.00723   0.00796   0.01590   0.00000   0.00000   0.03296   0.12882   0.02666   0.00000   0.03226   0.04061   4.15717   0.57374  
 44  0.0000   1043.837522  x:  0.04154   0.07581   0.02677   0.00811   0.00785   0.00000   0.02356   0.00758   0.03753   0.02141   0.00000   0.00000   0.00794   0.00000   0.00792   0.01593   0.00801   0.01599   0.00794   0.01601   0.00797   0.06861   0.00723   0.00796   0.01590   0.00000   0.00000   0.03296   0.12882   0.02666   0.00000   0.03226   0.04061   4.15717   0.57374  
 45  0.0000   1043.837522  x:  0.04154   0.07581   0.02677   0.00811   0.00785   0.00000   0.02356   0.00758   0.03753   0.02141   0.00000   0.00000   0.00794   0.00000   0.00792   0.01593   0.00801   0.01599   0.00794   0.01601   0.00797   0.06861   0.00723   0.00796   0.01590   0.00000   0.00000   0.03296   0.12882   0.02666   0.00000   0.03226   0.04061   4.15717   0.57374  
 46  0.0000   1043.837522  x:  0.04154   0.07581   0.02677   0.00811   0.00785   0.00000   0.02356   0.00758   0.03753   0.02141   0.00000   0.00000   0.00794   0.00000   0.00792   0.01593   0.00801   0.01599   0.00794   0.01601   0.00797   0.06861   0.00723   0.00796   0.01590   0.00000   0.00000   0.03296   0.12882   0.02666   0.00000   0.03226   0.04061   4.15718   0.57374  
 47  0.0000   1043.837522  x:  0.04154   0.07581   0.02677   0.00811   0.00785   0.00000   0.02356   0.00758   0.03753   0.02141   0.00000   0.00000   0.00794   0.00000   0.00792   0.01593   0.00801   0.01599   0.00794   0.01601   0.00797   0.06861   0.00723   0.00796   0.01590   0.00000   0.00000   0.03296   0.12882   0.02666   0.00000   0.03226   0.04061   4.15718   0.57374  