Supplemental results for CODEML (seqf: ..\HIVenvSweden.nuc  treef: ..\HIVenvSweden.tree)


Model 0: one-ratio

Model 1: NearlyNeutral

dN/dS (w) for site classes (K=2)

p:   0.48418  0.51582
w:   0.07885  1.00000

Naive Empirical Bayes (NEB) probabilities for 2 classes & postmean_w
(amino acids refer to 1st sequence: U68496)

   1 V   0.00042 0.99958 ( 2)  1.000
   2 V   0.94989 0.05011 ( 1)  0.125
   3 I   0.85352 0.14648 ( 1)  0.214
   4 R   0.97750 0.02250 ( 1)  0.100
   5 S   0.71002 0.28998 ( 1)  0.346
   6 E   0.97087 0.02913 ( 1)  0.106
   7 N   0.84188 0.15812 ( 1)  0.225
   8 F   0.64596 0.35404 ( 1)  0.405
   9 S   0.00914 0.99086 ( 2)  0.992
  10 N   0.25333 0.74667 ( 2)  0.767
  11 N   0.93667 0.06333 ( 1)  0.137
  12 A   0.80504 0.19496 ( 1)  0.258
  13 K   0.95957 0.04043 ( 1)  0.116
  14 T   0.68433 0.31567 ( 1)  0.370
  15 I   0.96893 0.03107 ( 1)  0.107
  16 I   0.96893 0.03107 ( 1)  0.107
  17 V   0.94989 0.05011 ( 1)  0.125
  18 Q   0.09702 0.90298 ( 2)  0.911
  19 L   0.80542 0.19458 ( 1)  0.258
  20 N   0.42795 0.57205 ( 2)  0.606
  21 K   0.00119 0.99881 ( 2)  0.999
  22 S   0.00120 0.99880 ( 2)  0.999
  23 V   0.94989 0.05011 ( 1)  0.125
  24 E   0.00007 0.99993 ( 2)  1.000
  25 I   0.86080 0.13920 ( 1)  0.207
  26 N   0.00002 0.99998 ( 2)  1.000
  27 C   0.71690 0.28310 ( 1)  0.340
  28 T   0.00000 1.00000 ( 2)  1.000
  29 R   0.97878 0.02122 ( 1)  0.098
  30 P   0.58359 0.41641 ( 1)  0.462
  31 N   0.00242 0.99758 ( 2)  0.998
  32 N   0.84188 0.15812 ( 1)  0.225
  33 N   0.93667 0.06333 ( 1)  0.137
  34 T   0.70052 0.29948 ( 1)  0.355
  35 R   0.78066 0.21934 ( 1)  0.281
  36 R   0.01448 0.98552 ( 2)  0.987
  37 S   0.06427 0.93573 ( 2)  0.941
  38 I   0.69380 0.30620 ( 1)  0.361
  39 H   0.00195 0.99805 ( 2)  0.998
  40 F   0.00404 0.99596 ( 2)  0.996
  41 G   0.53264 0.46736 ( 1)  0.509
  42 P   0.83917 0.16083 ( 1)  0.227
  43 G   0.59351 0.40649 ( 1)  0.453
  44 K   0.21102 0.78898 ( 2)  0.806
  45 A   0.48419 0.51581 ( 2)  0.554
  46 F   0.01879 0.98121 ( 2)  0.983
  47 Y   0.76479 0.23521 ( 1)  0.296
  48 A   0.14223 0.85777 ( 2)  0.869
  49 G   0.07754 0.92246 ( 2)  0.929
  50 E   0.55968 0.44032 ( 1)  0.484
  51 I   0.00000 1.00000 ( 2)  1.000
  52 I   0.96893 0.03107 ( 1)  0.107
  53 G   0.93435 0.06565 ( 1)  0.139
  54 D   0.05795 0.94205 ( 2)  0.947
  55 I   0.67595 0.32405 ( 1)  0.377
  56 R   0.97878 0.02122 ( 1)  0.098
  57 Q   0.03683 0.96317 ( 2)  0.966
  58 A   0.93710 0.06290 ( 1)  0.137
  59 Y   0.02394 0.97606 ( 2)  0.978
  60 C   0.71690 0.28310 ( 1)  0.340
  61 T   0.27589 0.72411 ( 2)  0.746
  62 L   0.17338 0.82662 ( 2)  0.840
  63 N   0.06790 0.93210 ( 2)  0.937
  64 G   0.16127 0.83873 ( 2)  0.851
  65 T   0.13901 0.86099 ( 2)  0.872
  66 E   0.00000 1.00000 ( 2)  1.000
  67 W   0.54020 0.45980 ( 1)  0.502
  68 N   0.00068 0.99932 ( 2)  0.999
  69 N   0.00003 0.99997 ( 2)  1.000
  70 T   0.32580 0.67420 ( 2)  0.700
  71 L   0.22649 0.77351 ( 2)  0.791
  72 K   0.16405 0.83595 ( 2)  0.849
  73 Q   0.14047 0.85953 ( 2)  0.871
  74 V   0.94989 0.05011 ( 1)  0.125
  75 A   0.02493 0.97507 ( 2)  0.977
  76 E   0.00007 0.99993 ( 2)  1.000
  77 K   0.97175 0.02825 ( 1)  0.105
  78 L   0.78712 0.21288 ( 1)  0.275
  79 R   0.73539 0.26461 ( 1)  0.323
  80 E   0.97087 0.02913 ( 1)  0.106
  81 Q   0.86172 0.13828 ( 1)  0.206
  82 F   0.76775 0.23225 ( 1)  0.293
  83 I   0.00006 0.99994 ( 2)  1.000
  84 K   0.00683 0.99317 ( 2)  0.994
  85 T   0.96862 0.03138 ( 1)  0.108
  86 I   0.96893 0.03107 ( 1)  0.107
  87 V   0.00002 0.99998 ( 2)  1.000
  88 F   0.76775 0.23225 ( 1)  0.293
  89 N   0.93200 0.06800 ( 1)  0.141
  90 Q   0.03908 0.96092 ( 2)  0.964
  91 S   0.58841 0.41159 ( 1)  0.458


lnL = -1114.641736


Model 2: PositiveSelection

dN/dS (w) for site classes (K=3)

p:   0.37712  0.44169  0.18119
w:   0.05998  1.00000  3.62564

Naive Empirical Bayes (NEB) probabilities for 3 classes & postmean_w & P(w>1)
(amino acids refer to 1st sequence: U68496)

   1 V   0.00002 0.50047 0.49950 ( 2)  2.311  0.500
   2 V   0.84770 0.15185 0.00045 ( 1)  0.204  0.000
   3 I   0.71992 0.27425 0.00583 ( 1)  0.339  0.006
   4 R   0.90398 0.09592 0.00009 ( 1)  0.150  0.000
   5 S   0.58568 0.38293 0.03139 ( 1)  0.532  0.031
   6 E   0.88933 0.11053 0.00015 ( 1)  0.164  0.000
   7 N   0.70394 0.28920 0.00686 ( 1)  0.356  0.007
   8 F   0.52850 0.41529 0.05621 ( 1)  0.651  0.056
   9 S   0.00113 0.27891 0.71996 ( 3)  2.889  0.720
  10 N   0.10386 0.80067 0.09547 ( 2)  1.153  0.095
  11 N   0.82166 0.17744 0.00091 ( 1)  0.230  0.001
  12 A   0.67464 0.31487 0.01049 ( 1)  0.393  0.010
  13 K   0.86652 0.13299 0.00049 ( 1)  0.187  0.000
  14 T   0.56523 0.39529 0.03949 ( 1)  0.572  0.039
  15 I   0.88404 0.11574 0.00022 ( 1)  0.170  0.000
  16 I   0.88404 0.11574 0.00022 ( 1)  0.170  0.000
  17 V   0.84770 0.15185 0.00045 ( 1)  0.204  0.000
  18 Q   0.03419 0.53532 0.43049 ( 2)  2.098  0.430
  19 L   0.66725 0.32127 0.01148 ( 1)  0.403  0.011
  20 N   0.16501 0.80180 0.03319 ( 2)  0.932  0.033
  21 K   0.00007 0.75618 0.24374 ( 2)  1.640  0.244
  22 S   0.00007 0.20423 0.79570 ( 3)  3.089  0.796
  23 V   0.84770 0.15185 0.00045 ( 1)  0.204  0.000
  24 E   0.00000 0.42212 0.57788 ( 3)  2.517  0.578
  25 I   0.72861 0.26629 0.00510 ( 1)  0.328  0.005
  26 N   0.00000 0.09499 0.90501 ( 3)  3.376  0.905
  27 C   0.59246 0.37846 0.02908 ( 1)  0.519  0.029
  28 T   0.00000 0.00081 0.99919 ( 3)  3.624  0.999
  29 R   0.90714 0.09278 0.00008 ( 1)  0.147  0.000
  30 P   0.47410 0.43523 0.09067 ( 1)  0.792  0.091
  31 N   0.00022 0.43375 0.56603 ( 3)  2.486  0.566
  32 N   0.70394 0.28920 0.00686 ( 1)  0.356  0.007
  33 N   0.82166 0.17744 0.00091 ( 1)  0.230  0.001
  34 T   0.30488 0.69069 0.00443 ( 2)  0.725  0.004
  35 R   0.36596 0.63204 0.00200 ( 2)  0.661  0.002
  36 R   0.00143 0.89468 0.10389 ( 2)  1.271  0.104
  37 S   0.01259 0.90248 0.08493 ( 2)  1.211  0.085
  38 I   0.30284 0.69187 0.00530 ( 2)  0.729  0.005
  39 H   0.00016 0.35957 0.64027 ( 3)  2.681  0.640
  40 F   0.00028 0.54936 0.45036 ( 2)  2.182  0.450
  41 G   0.21899 0.76938 0.01162 ( 2)  0.825  0.012
  42 P   0.70342 0.28981 0.00677 ( 1)  0.357  0.007
  43 G   0.48683 0.43029 0.08288 ( 1)  0.760  0.083
  44 K   0.03216 0.95618 0.01167 ( 2)  1.000  0.012
  45 A   0.19554 0.78725 0.01721 ( 2)  0.861  0.017
  46 F   0.00358 0.57013 0.42628 ( 2)  2.116  0.426
  47 Y   0.63284 0.34899 0.01817 ( 1)  0.453  0.018
  48 A   0.02354 0.95145 0.02501 ( 2)  1.044  0.025
  49 G   0.01445 0.91526 0.07029 ( 2)  1.171  0.070
  50 E   0.23130 0.75827 0.01043 ( 2)  0.810  0.010
  51 I   0.00000 0.11692 0.88308 ( 3)  3.319  0.883
  52 I   0.88404 0.11574 0.00022 ( 1)  0.170  0.000
  53 G   0.82360 0.17565 0.00075 ( 1)  0.228  0.001
  54 D   0.01173 0.89116 0.09712 ( 2)  1.244  0.097
  55 I   0.29181 0.70196 0.00622 ( 2)  0.742  0.006
  56 R   0.90714 0.09278 0.00008 ( 1)  0.147  0.000
  57 Q   0.00750 0.78927 0.20323 ( 2)  1.527  0.203
  58 A   0.82643 0.17285 0.00071 ( 1)  0.225  0.001
  59 Y   0.00488 0.66647 0.32865 ( 2)  1.858  0.329
  60 C   0.59246 0.37846 0.02908 ( 1)  0.519  0.029
  61 T   0.11144 0.80746 0.08110 ( 2)  1.108  0.081
  62 L   0.07102 0.73711 0.19187 ( 2)  1.437  0.192
  63 N   0.01324 0.91048 0.07628 ( 2)  1.188  0.076
  64 G   0.02551 0.95330 0.02119 ( 2)  1.032  0.021
  65 T   0.02295 0.94995 0.02710 ( 2)  1.050  0.027
  66 E   0.00000 0.00158 0.99842 ( 3)  3.621  0.998
  67 W   0.43202 0.44278 0.12520 ( 2)  0.923  0.125
  68 N   0.00003 0.39910 0.60087 ( 3)  2.578  0.601
  69 N   0.00000 0.17019 0.82981 ( 3)  3.179  0.830
  70 T   0.13326 0.81213 0.05461 ( 2)  1.018  0.055
  71 L   0.09218 0.78627 0.12156 ( 2)  1.233  0.122
  72 K   0.02666 0.95250 0.02084 ( 2)  1.030  0.021
  73 Q   0.05487 0.66956 0.27557 ( 2)  1.672  0.276
  74 V   0.84770 0.15185 0.00045 ( 1)  0.204  0.000
  75 A   0.00532 0.69039 0.30430 ( 2)  1.794  0.304
  76 E   0.00000 0.32927 0.67073 ( 3)  2.761  0.671
  77 K   0.89009 0.10968 0.00023 ( 1)  0.164  0.000
  78 L   0.65127 0.33391 0.01482 ( 1)  0.427  0.015
  79 R   0.34182 0.65503 0.00315 ( 2)  0.687  0.003
  80 E   0.88933 0.11053 0.00015 ( 1)  0.164  0.000
  81 Q   0.72189 0.27299 0.00511 ( 1)  0.335  0.005
  82 F   0.63471 0.34772 0.01757 ( 1)  0.450  0.018
  83 I   0.00000 0.18937 0.81063 ( 3)  3.128  0.811
  84 K   0.00010 0.72414 0.27577 ( 2)  1.724  0.276
  85 T   0.88262 0.11719 0.00019 ( 1)  0.171  0.000
  86 I   0.88404 0.11574 0.00022 ( 1)  0.170  0.000
  87 V   0.00000 0.01471 0.98529 ( 3)  3.587  0.985
  88 F   0.63471 0.34772 0.01757 ( 1)  0.450  0.018
  89 N   0.81404 0.18481 0.00116 ( 1)  0.238  0.001
  90 Q   0.00797 0.80732 0.18472 ( 2)  1.478  0.185
  91 S   0.47847 0.43402 0.08751 ( 1)  0.780  0.088

Positively selected sites

	Prob(w>1)  mean w

     9 S      0.720         2.889
    22 S      0.796         3.089
    24 E      0.578         2.517
    26 N      0.905         3.376
    28 T      0.999**       3.624
    31 N      0.566         2.486
    39 H      0.640         2.681
    51 I      0.883         3.319
    66 E      0.998**       3.621
    68 N      0.601         2.578
    69 N      0.830         3.179
    76 E      0.671         2.761
    83 I      0.811         3.128
    87 V      0.985*        3.587


lnL = -1106.445004

Bayes Empirical Bayes (BEB) probabilities for 3 classes (class) & postmean_w
(amino acids refer to 1st sequence: U68496)

   1 V   0.00529 0.44657 0.54814 ( 3)  2.293 +-  1.292
   2 V   0.86368 0.13463 0.00169 ( 1)  0.268 +-  0.322
   3 I   0.75766 0.23066 0.01168 ( 1)  0.380 +-  0.464
   4 R   0.91072 0.08876 0.00052 ( 1)  0.224 +-  0.267
   5 S   0.64116 0.31330 0.04554 ( 1)  0.556 +-  0.700
   6 E   0.89834 0.10092 0.00073 ( 1)  0.235 +-  0.282
   7 N   0.74449 0.24206 0.01345 ( 1)  0.395 +-  0.481
   8 F   0.58814 0.33780 0.07406 ( 1)  0.669 +-  0.845
   9 S   0.01320 0.23726 0.74953 ( 3)  2.975 +-  1.428
  10 N   0.25863 0.60948 0.13188 ( 2)  1.074 +-  0.896
  11 N   0.84206 0.15514 0.00280 ( 1)  0.289 +-  0.348
  12 A   0.71954 0.26167 0.01879 ( 1)  0.428 +-  0.526
  13 K   0.87874 0.11967 0.00159 ( 1)  0.254 +-  0.309
  14 T   0.62233 0.32266 0.05500 ( 1)  0.594 +-  0.752
  15 I   0.89375 0.10533 0.00092 ( 1)  0.240 +-  0.288
  16 I   0.89375 0.10533 0.00092 ( 1)  0.240 +-  0.288
  17 V   0.86368 0.13463 0.00169 ( 1)  0.268 +-  0.322
  18 Q   0.10271 0.43342 0.46388 ( 3)  2.084 +-  1.466
  19 L   0.71324 0.26653 0.02022 ( 1)  0.437 +-  0.537
  20 N   0.35256 0.59119 0.05624 ( 2)  0.828 +-  0.659
  21 K   0.01488 0.63961 0.34551 ( 2)  1.746 +-  1.117
  22 S   0.00337 0.18455 0.81208 ( 3)  3.142 +-  1.329
  23 V   0.86368 0.13463 0.00169 ( 1)  0.268 +-  0.322
  24 E   0.00212 0.39060 0.60728 ( 3)  2.453 +-  1.297
  25 I   0.76495 0.22454 0.01051 ( 1)  0.372 +-  0.453
  26 N   0.00026 0.09610 0.90364 ( 3)  3.408 +-  1.184
  27 C   0.64730 0.30992 0.04277 ( 1)  0.544 +-  0.685
  28 T   0.00000 0.00088 0.99912 ( 3)  3.729 +-  1.024
  29 R   0.91345 0.08609 0.00046 ( 1)  0.222 +-  0.263
  30 P   0.53556 0.35285 0.11159 ( 1)  0.807 +-  1.002
  31 N   0.01003 0.38548 0.60448 ( 3)  2.481 +-  1.356
  32 N   0.74449 0.24206 0.01345 ( 1)  0.395 +-  0.481
  33 N   0.84206 0.15514 0.00280 ( 1)  0.289 +-  0.348
  34 T   0.50112 0.48745 0.01143 ( 1)  0.611 +-  0.475
  35 R   0.55253 0.44124 0.00624 ( 1)  0.557 +-  0.449
  36 R   0.05855 0.74930 0.19214 ( 2)  1.350 +-  0.881
  37 S   0.12041 0.72767 0.15192 ( 2)  1.216 +-  0.830
  38 I   0.49875 0.48860 0.01265 ( 1)  0.616 +-  0.482
  39 H   0.00744 0.32468 0.66787 ( 3)  2.674 +-  1.364
  40 F   0.01367 0.47446 0.51187 ( 3)  2.212 +-  1.318
  41 G   0.41856 0.55568 0.02576 ( 2)  0.709 +-  0.534
  42 P   0.74413 0.24252 0.01335 ( 1)  0.395 +-  0.480
  43 G   0.54776 0.34911 0.10314 ( 1)  0.776 +-  0.971
  44 K   0.22205 0.74020 0.03775 ( 2)  0.897 +-  0.495
  45 A   0.39198 0.57331 0.03471 ( 2)  0.750 +-  0.571
  46 F   0.03907 0.48222 0.47871 ( 2)  2.124 +-  1.346
  47 Y   0.68326 0.28760 0.02915 ( 1)  0.482 +-  0.601
  48 A   0.18531 0.75025 0.06443 ( 2)  0.979 +-  0.584
  49 G   0.13308 0.73511 0.13181 ( 2)  1.163 +-  0.784
  50 E   0.43125 0.54551 0.02324 ( 2)  0.694 +-  0.525
  51 I   0.00018 0.12823 0.87159 ( 3)  3.277 +-  1.190
  52 I   0.89375 0.10533 0.00092 ( 1)  0.240 +-  0.288
  53 G   0.84384 0.15365 0.00251 ( 1)  0.287 +-  0.344
  54 D   0.11380 0.71983 0.16637 ( 2)  1.254 +-  0.866
  55 I   0.48875 0.49696 0.01430 ( 2)  0.628 +-  0.491
  56 R   0.91345 0.08609 0.00046 ( 1)  0.222 +-  0.263
  57 Q   0.07736 0.64619 0.27645 ( 2)  1.550 +-  1.093
  58 A   0.84617 0.15142 0.00241 ( 1)  0.284 +-  0.342
  59 Y   0.05228 0.55579 0.39193 ( 2)  1.872 +-  1.259
  60 C   0.64730 0.30992 0.04277 ( 1)  0.544 +-  0.685
  61 T   0.27227 0.61169 0.11604 ( 2)  1.026 +-  0.850
  62 L   0.19273 0.57570 0.23157 ( 2)  1.372 +-  1.133
  63 N   0.12538 0.73320 0.14142 ( 2)  1.188 +-  0.803
  64 G   0.19446 0.74852 0.05702 ( 2)  0.957 +-  0.561
  65 T   0.18223 0.74990 0.06788 ( 2)  0.988 +-  0.596
  66 E   0.00000 0.00165 0.99835 ( 3)  3.727 +-  1.026
  67 W   0.49343 0.35834 0.14823 ( 1)  0.938 +-  1.131
  68 N   0.00441 0.36387 0.63171 ( 3)  2.547 +-  1.334
  69 N   0.00055 0.17462 0.82483 ( 3)  3.133 +-  1.247
  70 T   0.30775 0.60780 0.08445 ( 2)  0.926 +-  0.754
  71 L   0.23665 0.60339 0.15996 ( 2)  1.159 +-  0.970
  72 K   0.19889 0.74570 0.05541 ( 2)  0.950 +-  0.558
  73 Q   0.15526 0.53136 0.31338 ( 2)  1.618 +-  1.282
  74 V   0.86368 0.13463 0.00169 ( 1)  0.268 +-  0.322
  75 A   0.05648 0.57344 0.37007 ( 2)  1.810 +-  1.233
  76 E   0.00148 0.31295 0.68557 ( 3)  2.695 +-  1.313
  77 K   0.89866 0.10044 0.00090 ( 1)  0.235 +-  0.284
  78 L   0.69918 0.27618 0.02464 ( 1)  0.459 +-  0.570
  79 R   0.53231 0.45916 0.00853 ( 1)  0.579 +-  0.462
  80 E   0.89834 0.10092 0.00073 ( 1)  0.235 +-  0.282
  81 Q   0.75965 0.22962 0.01073 ( 1)  0.377 +-  0.455
  82 F   0.68496 0.28663 0.02841 ( 1)  0.479 +-  0.595
  83 I   0.00071 0.19178 0.80751 ( 3)  3.078 +-  1.263
  84 K   0.01428 0.61414 0.37159 ( 2)  1.815 +-  1.154
  85 T   0.89268 0.10645 0.00088 ( 1)  0.241 +-  0.289
  86 I   0.89375 0.10533 0.00092 ( 1)  0.240 +-  0.288
  87 V   0.00003 0.01343 0.98654 ( 3)  3.696 +-  1.062
  88 F   0.68496 0.28663 0.02841 ( 1)  0.479 +-  0.595
  89 N   0.83564 0.16105 0.00331 ( 1)  0.295 +-  0.357
  90 Q   0.08180 0.65949 0.25870 ( 2)  1.502 +-  1.061
  91 S   0.53984 0.35194 0.10821 ( 1)  0.795 +-  0.989

Positively selected sites

	Prob(w>1)  mean w

     1 V      0.548         2.293 +- 1.292
     9 S      0.750         2.975 +- 1.428
    22 S      0.812         3.142 +- 1.329
    24 E      0.607         2.453 +- 1.297
    26 N      0.904         3.408 +- 1.184
    28 T      0.999**       3.729 +- 1.024
    31 N      0.604         2.481 +- 1.356
    39 H      0.668         2.674 +- 1.364
    40 F      0.512         2.212 +- 1.318
    51 I      0.872         3.277 +- 1.190
    66 E      0.998**       3.727 +- 1.026
    68 N      0.632         2.547 +- 1.334
    69 N      0.825         3.133 +- 1.247
    76 E      0.686         2.695 +- 1.313
    83 I      0.808         3.078 +- 1.263
    87 V      0.987*        3.696 +- 1.062

