

Model 0: one-ratio

TREE # 1

  0  0.0000   1218.114637  x:  0.02825   0.05736   0.11877   0.01099   0.07888   0.06509   0.03438   0.08610   0.04791   0.11998   0.03949   0.16515   0.00000   0.14745   0.03571   0.05616   0.02426   0.03492   0.04034   0.05680   0.05934   0.07425   0.15833   0.30000   1.30000  
  1 99.0000   1201.733344  x:  0.02857   0.07082   0.12837   0.01717   0.07138   0.06955   0.02792   0.09083   0.04348   0.13129   0.04891   0.17642   0.23150   0.16573   0.05984   0.05348   0.02305   0.05746   0.02196   0.06332   0.04279   0.07092   0.16585   0.38158   1.29796  
  2 581.3794   1180.480197  x:  0.02131   0.08880   0.15202   0.05442   0.03441   0.09847   0.02547   0.10237   0.06655   0.12945   0.03529   0.18606   0.21083   0.18066   0.04917   0.03475   0.03307   0.05972   0.00683   0.07335   0.00471   0.06130   0.17869   0.61091   1.29010  
  3 161.8927   1171.069556  x:  0.01802   0.10217   0.17172   0.07431   0.01061   0.12075   0.02324   0.11154   0.08079   0.12745   0.02566   0.19487   0.19407   0.19422   0.04167   0.02176   0.04464   0.06162   0.00897   0.08281   0.05717   0.05422   0.19062   0.82389   1.28218  
  4 896.2545   1163.082189  x:  0.02505   0.10656   0.18576   0.06900   0.09440   0.13520   0.02258   0.11616   0.07925   0.12460   0.02684   0.20387   0.17366   0.20757   0.04294   0.02412   0.04509   0.06039   0.05198   0.08539   0.08042   0.05574   0.20351   1.05976   1.27173  
  5 485.3402   1155.837327  x:  0.02393   0.08802   0.17504   0.01207   0.10179   0.11007   0.02122   0.10755   0.04886   0.12501   0.03572   0.20346   0.15999   0.20716   0.05476   0.04387   0.02238   0.05486   0.03093   0.06904   0.08273   0.06785   0.20511   1.16176   1.26358  
  6 159.0155   1154.762203  x:  0.02756   0.07400   0.16120   0.02393   0.10537   0.08443   0.02718   0.09969   0.03504   0.12799   0.03752   0.19936   0.15795   0.20068   0.05599   0.04628   0.02773   0.05638   0.02451   0.06116   0.08432   0.07001   0.20023   1.18477   1.25832  
  7 64.9561   1154.311468  x:  0.02781   0.06878   0.14909   0.01994   0.10396   0.06577   0.02725   0.09461   0.04265   0.13100   0.03644   0.19476   0.15859   0.19312   0.05317   0.04144   0.03087   0.05840   0.03025   0.06261   0.08320   0.06718   0.19405   1.19529   1.25279  
  8 45.0287   1154.196457  x:  0.02773   0.07237   0.14025   0.02112   0.10586   0.06612   0.02747   0.09421   0.04333   0.13271   0.03469   0.19040   0.15898   0.18621   0.05232   0.04020   0.02555   0.05721   0.02770   0.06504   0.08413   0.06545   0.18863   1.19827   1.24605  
  9 15.7810   1154.128626  x:  0.02727   0.07452   0.13445   0.01985   0.10599   0.06972   0.02702   0.09512   0.04267   0.13353   0.03472   0.18678   0.15927   0.18006   0.05308   0.04213   0.03008   0.05703   0.02722   0.06507   0.08391   0.06595   0.18405   1.20017   1.23752  
 10 16.4328   1154.049848  x:  0.02785   0.07193   0.13430   0.02166   0.10334   0.07270   0.02576   0.09711   0.04398   0.13273   0.03917   0.18350   0.15951   0.17327   0.05554   0.04507   0.02757   0.05779   0.03133   0.06275   0.08360   0.06766   0.17942   1.20199   1.21784  
 11 11.4832   1153.765191  x:  0.02899   0.06923   0.14780   0.01946   0.10488   0.07254   0.03399   0.10004   0.04414   0.12613   0.04466   0.17653   0.16001   0.16170   0.05204   0.04351   0.02837   0.05936   0.02764   0.06574   0.08378   0.06490   0.17140   1.20568   1.12573  
 12 20.3997   1153.286487  x:  0.02425   0.07294   0.15963   0.02087   0.10626   0.06772   0.02243   0.09732   0.04046   0.12153   0.04272   0.17017   0.15960   0.15763   0.04928   0.04464   0.02947   0.05725   0.02650   0.06746   0.08385   0.06426   0.16778   1.21036   0.97614  
 13 91.0895   1152.739513  x:  0.02702   0.07817   0.15879   0.02083   0.10353   0.06754   0.03001   0.09308   0.04232   0.12527   0.03625   0.16919   0.15832   0.16501   0.05251   0.04801   0.02865   0.05549   0.03031   0.06460   0.08323   0.06752   0.17149   1.21549   0.79870  
 14 140.6834   1152.618881  x:  0.02458   0.07328   0.15337   0.02074   0.10490   0.07052   0.02864   0.09543   0.04329   0.12817   0.04080   0.17379   0.15708   0.16809   0.05252   0.04443   0.02900   0.05916   0.02774   0.06599   0.08360   0.06595   0.17438   1.21653   0.75784  
 15 42.3494   1152.606694  x:  0.02696   0.07317   0.15235   0.02052   0.10443   0.07059   0.02787   0.09662   0.04239   0.12785   0.04163   0.17516   0.15706   0.16807   0.05146   0.04388   0.02913   0.05850   0.02805   0.06662   0.08340   0.06553   0.17496   1.21676   0.75438  
 16  7.3916   1152.593948  x:  0.02556   0.07347   0.15113   0.02066   0.10396   0.07004   0.02862   0.09828   0.04168   0.12639   0.04215   0.17730   0.15732   0.16747   0.04991   0.04446   0.02904   0.05677   0.02902   0.06691   0.08324   0.06557   0.17578   1.21725   0.75293  
 17  3.0921   1152.545245  x:  0.02640   0.07491   0.14944   0.02119   0.10492   0.06874   0.02807   0.09927   0.04547   0.12138   0.04133   0.18286   0.15690   0.16508   0.04983   0.04711   0.02920   0.05769   0.02661   0.06526   0.08367   0.06667   0.17750   1.21962   0.75290  
 18  2.4432   1152.248129  x:  0.02577   0.07463   0.14714   0.01999   0.10222   0.07112   0.02874   0.09427   0.04000   0.11095   0.03025   0.19930   0.15297   0.15664   0.05829   0.04188   0.02788   0.06617   0.03046   0.06614   0.08257   0.06491   0.18011   1.23508   0.76047  
 19  5.8128   1150.780122  x:  0.02621   0.06896   0.15414   0.01926   0.09908   0.07499   0.02779   0.08384   0.04552   0.13167   0.02108   0.23783   0.13620   0.14355   0.07977   0.03201   0.03158   0.04103   0.02683   0.06980   0.08150   0.06550   0.18398   1.30957   0.80429  
 20 18.0786   1147.123230  x:  0.02407   0.09325   0.16244   0.01562   0.08329   0.06571   0.02843   0.10851   0.03964   0.19453   0.01412   0.28027   0.08332   0.15936   0.06976   0.04646   0.02690   0.07024   0.03041   0.07226   0.07604   0.06967   0.19225   1.51892   0.93185  
 21 69.9001   1144.019731  x:  0.02466   0.08843   0.13802   0.01213   0.07118   0.08628   0.02769   0.09231   0.04522   0.16684   0.02747   0.25528   0.05246   0.21434   0.04562   0.03317   0.02642   0.06296   0.03165   0.04809   0.07256   0.06277   0.20528   1.68010   1.03043  
 22 72.5443   1143.214248  x:  0.02607   0.08086   0.12785   0.01401   0.06660   0.08769   0.02777   0.09366   0.04859   0.15057   0.03078   0.23912   0.04198   0.23515   0.05412   0.04099   0.02732   0.05962   0.03092   0.07072   0.07089   0.06468   0.21451   1.72647   1.05872  
 23 76.3862   1143.139447  x:  0.02597   0.08004   0.12704   0.01373   0.06706   0.08577   0.02721   0.10262   0.04905   0.14885   0.02750   0.23362   0.04106   0.23553   0.05929   0.03693   0.02764   0.05807   0.03031   0.06821   0.07096   0.06421   0.21947   1.73038   1.06098  
 24 11.3502   1143.114253  x:  0.02587   0.08129   0.12709   0.01379   0.06676   0.08581   0.02740   0.10120   0.04888   0.14983   0.02939   0.22957   0.04089   0.23055   0.05918   0.03618   0.02771   0.05862   0.03047   0.06822   0.07087   0.06428   0.22955   1.73167   1.06110  
 25  3.2767   1143.105355  x:  0.02604   0.07924   0.12726   0.01373   0.06681   0.08665   0.02719   0.10120   0.04910   0.15037   0.02749   0.22859   0.04124   0.22933   0.05756   0.03716   0.02753   0.05860   0.03040   0.06825   0.07085   0.06416   0.23144   1.73213   1.06077  
 26  2.1912   1140.692029  x:  0.02366   0.07936   0.16864   0.02455   0.05153   0.08344   0.02649   0.09895   0.04708   0.12498   0.03431   0.17822   0.03482   0.20553   0.04442   0.03413   0.03493   0.05168   0.02541   0.06699   0.06048   0.07125   0.20009   1.85603   0.89644  
 27  0.5345   1140.603880  x:  0.02358   0.07978   0.17013   0.02502   0.05073   0.08301   0.02656   0.09871   0.04704   0.12438   0.03524   0.17664   0.03427   0.20507   0.04628   0.03856   0.03542   0.05091   0.02562   0.06542   0.06001   0.06046   0.19943   1.86040   0.89059  
 28 15.8660   1139.679305  x:  0.02370   0.07323   0.15996   0.02378   0.04546   0.07926   0.02913   0.09863   0.04448   0.12549   0.04081   0.17243   0.05780   0.17742   0.04924   0.04074   0.03627   0.05285   0.01828   0.06743   0.05080   0.06402   0.18147   1.88340   0.82277  
 29  0.0693   1138.835847  x:  0.02338   0.07861   0.14484   0.02360   0.03491   0.08363   0.02963   0.09918   0.04718   0.13942   0.03607   0.20256   0.05650   0.17682   0.05186   0.03404   0.03760   0.05794   0.01944   0.07174   0.03542   0.05785   0.18737   2.02109   0.88047  
 30  0.1069   1138.210725  x:  0.02251   0.08086   0.13988   0.02231   0.04706   0.08520   0.02833   0.09973   0.04960   0.13236   0.03333   0.19615   0.05934   0.19742   0.05257   0.03320   0.03670   0.05632   0.01255   0.07357   0.02799   0.05933   0.20146   2.16134   0.93023  
 31  0.1229   1137.970264  x:  0.02299   0.08099   0.14730   0.02279   0.04906   0.08531   0.02763   0.10006   0.04997   0.12892   0.03279   0.18798   0.06206   0.20101   0.05118   0.03488   0.03680   0.05464   0.01999   0.07276   0.02432   0.06171   0.20292   2.23601   0.91410  
 32  0.1035   1137.820222  x:  0.02411   0.07869   0.15748   0.02344   0.05431   0.08253   0.02793   0.09987   0.04761   0.13408   0.03385   0.19055   0.05857   0.19193   0.04988   0.03709   0.03616   0.05549   0.01943   0.06944   0.02738   0.06195   0.19565   2.30604   0.88315  
 33  0.0667   1137.733952  x:  0.02400   0.07753   0.15128   0.02400   0.05474   0.08239   0.02920   0.09921   0.04771   0.12843   0.03512   0.18780   0.06209   0.19101   0.05121   0.03381   0.03704   0.05530   0.01843   0.06962   0.02761   0.06009   0.19684   2.42170   0.90424  
 34  0.0474   1137.694347  x:  0.02355   0.07970   0.15127   0.02373   0.05218   0.08327   0.02838   0.10020   0.04801   0.13191   0.03416   0.19184   0.06335   0.19392   0.05076   0.03577   0.03678   0.05509   0.01874   0.07085   0.02986   0.06223   0.19865   2.46729   0.90528  
 35  0.0268   1137.688537  x:  0.02377   0.07944   0.15287   0.02377   0.05071   0.08362   0.02831   0.09996   0.04816   0.13183   0.03355   0.19123   0.06395   0.19345   0.05052   0.03473   0.03686   0.05558   0.01892   0.07076   0.03029   0.06088   0.19855   2.47220   0.90049  
 36  0.0067   1137.688215  x:  0.02377   0.07914   0.15282   0.02365   0.05038   0.08348   0.02841   0.09987   0.04807   0.13167   0.03368   0.19109   0.06392   0.19335   0.05065   0.03481   0.03672   0.05559   0.01895   0.07048   0.03028   0.06113   0.19835   2.47248   0.90081  
 37  0.0010   1137.688191  x:  0.02374   0.07916   0.15280   0.02365   0.05040   0.08346   0.02843   0.09990   0.04810   0.13168   0.03371   0.19114   0.06399   0.19333   0.05059   0.03477   0.03670   0.05560   0.01899   0.07039   0.03031   0.06112   0.19834   2.47175   0.90133  
 38  0.0009   1137.688190  x:  0.02375   0.07918   0.15281   0.02365   0.05041   0.08346   0.02843   0.09989   0.04810   0.13168   0.03370   0.19115   0.06401   0.19333   0.05059   0.03477   0.03669   0.05560   0.01899   0.07037   0.03030   0.06112   0.19835   2.47175   0.90129  
 39  0.0001   1137.688190  x:  0.02375   0.07918   0.15281   0.02365   0.05041   0.08346   0.02843   0.09989   0.04810   0.13168   0.03370   0.19115   0.06401   0.19334   0.05059   0.03477   0.03669   0.05560   0.01898   0.07037   0.03030   0.06112   0.19835   2.47175   0.90130  
 40  0.0000   1137.688190  x:  0.02375   0.07918   0.15281   0.02365   0.05041   0.08346   0.02843   0.09989   0.04810   0.13168   0.03370   0.19115   0.06401   0.19334   0.05059   0.03477   0.03669   0.05560   0.01898   0.07037   0.03030   0.06112   0.19835   2.47175   0.90129  
 41  0.0000   1137.688190  x:  0.02375   0.07918   0.15281   0.02365   0.05041   0.08346   0.02843   0.09989   0.04810   0.13168   0.03370   0.19115   0.06401   0.19334   0.05059   0.03477   0.03669   0.05560   0.01898   0.07037   0.03030   0.06112   0.19835   2.47175   0.90129  

Model 1: NearlyNeutral

TREE # 1

  0  0.0000   1133.407826  x:  0.03259   0.05759   0.12300   0.01626   0.06861   0.06557   0.02826   0.08221   0.03173   0.13557   0.02727   0.17624   0.00000   0.15776   0.04759   0.05508   0.02660   0.02955   0.02876   0.05589   0.04357   0.07671   0.16932   2.47175   0.82869   0.33284  
  1 99.0000   1127.415827  x:  0.02742   0.06358   0.12798   0.01352   0.06541   0.06650   0.02667   0.08573   0.03722   0.13748   0.03294   0.17943   0.07934   0.16540   0.05317   0.05167   0.02591   0.04626   0.02252   0.05938   0.03788   0.07296   0.17269   2.47155   0.82033   0.32324  
  2 342.6399   1124.779733  x:  0.01681   0.07827   0.14115   0.05051   0.05053   0.07878   0.03170   0.09487   0.05356   0.13367   0.03085   0.18327   0.08249   0.17498   0.04970   0.03405   0.03454   0.06093   0.01365   0.06769   0.02490   0.06081   0.18014   2.47118   0.78998   0.29601  
  3 94.5419   1121.222110  x:  0.03152   0.09722   0.16399   0.03550   0.02813   0.09718   0.02821   0.10758   0.05941   0.12276   0.03075   0.19192   0.07884   0.19711   0.04931   0.00571   0.04825   0.06630   0.03385   0.07972   0.02850   0.04542   0.20034   2.47059   0.71365   0.22210  
  4 95.5199   1116.961224  x:  0.02078   0.10747   0.18672   0.01662   0.03644   0.11686   0.02746   0.11758   0.05951   0.11549   0.02953   0.20446   0.07024   0.22654   0.05830   0.01030   0.05173   0.06378   0.01476   0.08341   0.03329   0.05144   0.23127   2.47028   0.61231   0.11706  
  5 179.3267   1116.020067  x:  0.02356   0.10090   0.18851   0.02884   0.04654   0.11324   0.02574   0.11464   0.05306   0.12348   0.02838   0.20958   0.07203   0.23412   0.06168   0.01124   0.04511   0.05789   0.02894   0.07838   0.02800   0.05934   0.24059   2.47069   0.57072   0.09102  
  6 78.0597   1115.237536  x:  0.02810   0.08946   0.18458   0.03272   0.04182   0.10139   0.02774   0.10890   0.04897   0.13689   0.02483   0.21483   0.07267   0.23694   0.06089   0.00537   0.03738   0.05636   0.02220   0.07122   0.03417   0.05959   0.24589   2.47173   0.51961   0.08814  
  7 56.0273   1115.020076  x:  0.02669   0.08643   0.18033   0.03052   0.03969   0.09683   0.03001   0.10747   0.05282   0.14239   0.02431   0.21763   0.07183   0.23516   0.06113   0.01346   0.04383   0.06032   0.02501   0.07257   0.03099   0.05902   0.24623   2.47265   0.50013   0.09038  
  8 32.4407   1114.956053  x:  0.02780   0.08825   0.17699   0.02947   0.04600   0.09574   0.02972   0.10828   0.05576   0.14462   0.02590   0.21920   0.07138   0.23170   0.06021   0.01268   0.04519   0.06213   0.02487   0.07622   0.03077   0.05815   0.24358   2.47358   0.49293   0.09137  
  9 14.8985   1114.931121  x:  0.02822   0.09144   0.17398   0.03029   0.04474   0.09586   0.02868   0.11051   0.05559   0.14565   0.02610   0.22020   0.07183   0.22701   0.05995   0.01471   0.04369   0.06100   0.02492   0.07829   0.03196   0.05939   0.23922   2.47507   0.48978   0.09007  
 10  6.5540   1114.921294  x:  0.02722   0.09171   0.17265   0.02961   0.04440   0.09631   0.02955   0.11128   0.05480   0.14550   0.02577   0.22048   0.07204   0.22391   0.05975   0.01416   0.04324   0.06077   0.02503   0.07730   0.03060   0.05929   0.23594   2.47640   0.48847   0.08881  
 11  5.5744   1114.915307  x:  0.02744   0.09076   0.17226   0.03010   0.04456   0.09651   0.02915   0.11088   0.05469   0.14475   0.02531   0.22048   0.07235   0.22148   0.05984   0.01439   0.04425   0.06131   0.02494   0.07594   0.03137   0.05864   0.23318   2.47803   0.48786   0.08727  
 12  4.3426   1114.912994  x:  0.02799   0.09004   0.17269   0.03005   0.04438   0.09622   0.02879   0.11008   0.05528   0.14396   0.02518   0.22021   0.07238   0.22064   0.05986   0.01468   0.04369   0.06134   0.02466   0.07629   0.03076   0.05844   0.23211   2.47956   0.48759   0.08668  
 13  2.1820   1114.910897  x:  0.02741   0.08961   0.17331   0.03009   0.04439   0.09577   0.02937   0.10939   0.05557   0.14321   0.02515   0.21969   0.07252   0.22022   0.05965   0.01467   0.04342   0.06113   0.02496   0.07705   0.03125   0.05862   0.23138   2.48196   0.48728   0.08644  
 14  2.1465   1114.901794  x:  0.02759   0.09113   0.17559   0.03021   0.04489   0.09434   0.02937   0.10884   0.05401   0.14188   0.02556   0.21695   0.07274   0.22022   0.05882   0.01506   0.04464   0.06058   0.02443   0.07701   0.03074   0.05952   0.23025   2.49615   0.48588   0.08688  
 15  2.5667   1114.878190  x:  0.02673   0.09194   0.17765   0.02988   0.04563   0.09418   0.02917   0.11031   0.05417   0.14298   0.02804   0.21253   0.07214   0.22137   0.05898   0.01682   0.04237   0.06178   0.02504   0.07519   0.03139   0.05740   0.22970   2.53518   0.48425   0.08659  
 16  9.7265   1114.838411  x:  0.02806   0.08896   0.17571   0.02923   0.04538   0.09665   0.03003   0.11206   0.05636   0.14681   0.02736   0.21024   0.07214   0.22367   0.05812   0.01586   0.04329   0.06157   0.02402   0.07552   0.03144   0.06090   0.23071   2.60298   0.48387   0.08410  
 17 21.1528   1114.815074  x:  0.02616   0.08833   0.17302   0.02906   0.04543   0.09706   0.02770   0.11072   0.05513   0.14682   0.02543   0.21323   0.07220   0.22476   0.05874   0.01506   0.04401   0.06013   0.02357   0.07706   0.03109   0.05942   0.23274   2.64178   0.48372   0.08320  
 18 23.4579   1114.799918  x:  0.02729   0.08939   0.17129   0.02940   0.04574   0.09669   0.02994   0.10931   0.05420   0.14522   0.02463   0.21777   0.07220   0.22494   0.06008   0.01543   0.04382   0.06007   0.02310   0.07709   0.03119   0.05848   0.23485   2.66729   0.48389   0.08256  
 19 21.3838   1114.794239  x:  0.02686   0.08994   0.17151   0.02921   0.04563   0.09599   0.02947   0.10915   0.05480   0.14399   0.02491   0.22067   0.07192   0.22442   0.06048   0.01493   0.04344   0.06097   0.02331   0.07606   0.03138   0.05991   0.23587   2.67634   0.48384   0.08276  
 20  8.2124   1114.792283  x:  0.02691   0.08956   0.17303   0.02913   0.04598   0.09624   0.02946   0.11025   0.05503   0.14387   0.02417   0.22211   0.07207   0.22363   0.06032   0.01517   0.04338   0.06039   0.02336   0.07588   0.03144   0.05985   0.23636   2.67856   0.48366   0.08333  
 21  1.5495   1114.790832  x:  0.02689   0.08927   0.17432   0.02906   0.04597   0.09624   0.02949   0.11033   0.05432   0.14486   0.02423   0.22286   0.07189   0.22282   0.06104   0.01506   0.04348   0.06084   0.02322   0.07645   0.03141   0.05998   0.23649   2.67897   0.48382   0.08329  
 22  0.7635   1114.786403  x:  0.02661   0.09060   0.17557   0.02857   0.04615   0.09608   0.02960   0.10858   0.05517   0.14702   0.02334   0.22317   0.07185   0.22191   0.06117   0.01510   0.04349   0.06022   0.02314   0.07578   0.03147   0.05994   0.23658   2.67717   0.48409   0.08271  
 23  0.5434   1114.723694  x:  0.02543   0.08950   0.17347   0.02685   0.04912   0.09393   0.02944   0.10816   0.05277   0.14666   0.01986   0.22084   0.07106   0.22109   0.05754   0.01859   0.04065   0.06355   0.02150   0.07531   0.03179   0.06150   0.23644   2.64175   0.48226   0.07905  
 24  1.3665   1114.657284  x:  0.02398   0.08656   0.17091   0.02600   0.05102   0.09203   0.02964   0.10841   0.05289   0.14517   0.02475   0.21910   0.07066   0.22052   0.05957   0.02085   0.04100   0.05922   0.01863   0.07389   0.03160   0.06256   0.23524   2.60373   0.47961   0.07615  
 25 25.3510   1114.653895  x:  0.02394   0.08673   0.17092   0.02592   0.05132   0.09368   0.02955   0.10794   0.05292   0.14465   0.02411   0.21883   0.07060   0.22113   0.06122   0.02090   0.04071   0.05928   0.01870   0.07380   0.03172   0.06314   0.23443   2.60174   0.47886   0.07706  
 26  2.5163   1114.653632  x:  0.02394   0.08671   0.17110   0.02590   0.05133   0.09382   0.02955   0.10784   0.05282   0.14481   0.02427   0.21935   0.07055   0.22185   0.06093   0.02103   0.04069   0.05928   0.01870   0.07380   0.03173   0.06315   0.23366   2.60158   0.47887   0.07712  
 27  0.3752   1114.653566  x:  0.02394   0.08673   0.17112   0.02588   0.05136   0.09356   0.02956   0.10799   0.05288   0.14484   0.02411   0.21940   0.07052   0.22205   0.06110   0.02101   0.04071   0.05927   0.01870   0.07380   0.03172   0.06314   0.23346   2.60153   0.47893   0.07708  
 28  0.1445   1114.644800  x:  0.02450   0.08648   0.17013   0.02480   0.05219   0.09286   0.02940   0.10789   0.05249   0.14432   0.02499   0.21894   0.06998   0.22105   0.06110   0.02208   0.04070   0.05858   0.02013   0.07383   0.03219   0.06336   0.23308   2.59402   0.48257   0.07838  
 29  0.0217   1114.643284  x:  0.02483   0.08654   0.16998   0.02472   0.05225   0.09275   0.02920   0.10778   0.05227   0.14409   0.02498   0.21871   0.06896   0.22064   0.06107   0.02246   0.04080   0.05854   0.01961   0.07387   0.03239   0.06327   0.23280   2.59675   0.48481   0.07919  
 30  0.0020   1114.641836  x:  0.02443   0.08636   0.17002   0.02476   0.05197   0.09283   0.02933   0.10774   0.05229   0.14410   0.02517   0.21829   0.06728   0.22064   0.06100   0.02251   0.04076   0.05840   0.01981   0.07372   0.03240   0.06306   0.23256   2.59588   0.48443   0.07895  
 31  0.0009   1114.641740  x:  0.02462   0.08638   0.16999   0.02483   0.05203   0.09281   0.02933   0.10773   0.05228   0.14416   0.02522   0.21831   0.06715   0.22069   0.06102   0.02244   0.04080   0.05837   0.01983   0.07376   0.03228   0.06314   0.23258   2.59449   0.48412   0.07884  
 32  0.0014   1114.641736  x:  0.02459   0.08640   0.16998   0.02483   0.05208   0.09279   0.02932   0.10773   0.05227   0.14416   0.02522   0.21833   0.06714   0.22068   0.06103   0.02242   0.04080   0.05837   0.01983   0.07376   0.03227   0.06316   0.23259   2.59459   0.48418   0.07885  
 33  0.0001   1114.641736  x:  0.02459   0.08639   0.16998   0.02483   0.05208   0.09280   0.02933   0.10773   0.05227   0.14416   0.02522   0.21832   0.06714   0.22068   0.06102   0.02242   0.04080   0.05837   0.01983   0.07376   0.03227   0.06315   0.23259   2.59461   0.48418   0.07885  
 34  0.0000   1114.641736  x:  0.02459   0.08639   0.16998   0.02483   0.05208   0.09280   0.02933   0.10773   0.05227   0.14416   0.02522   0.21832   0.06714   0.22068   0.06102   0.02242   0.04080   0.05837   0.01983   0.07376   0.03227   0.06315   0.23259   2.59461   0.48418   0.07885  
 35  0.0000   1114.641736  x:  0.02459   0.08639   0.16998   0.02483   0.05208   0.09280   0.02933   0.10773   0.05227   0.14416   0.02522   0.21832   0.06714   0.22068   0.06102   0.02242   0.04080   0.05837   0.01983   0.07376   0.03227   0.06315   0.23259   2.59461   0.48418   0.07885  

Model 2: PositiveSelection

TREE # 1

  0  0.0000   1128.032310  x:  0.04812   0.07839   0.08703   0.05260   0.08527   0.07422   0.06495   0.07122   0.03190   0.10168   0.02153   0.11563   0.00000   0.13010   0.04828   0.06778   0.04594   0.04323   0.02640   0.04994   0.04451   0.08824   0.15465   2.59461   1.72397   0.41717   0.28310   2.33970  
  1 99.0000   1118.781748  x:  0.03811   0.07663   0.09946   0.04050   0.07709   0.07245   0.05294   0.07714   0.03781   0.10820   0.03559   0.13010   0.12199   0.14450   0.05747   0.06062   0.03617   0.04632   0.01941   0.05533   0.03716   0.08094   0.16007   2.59447   1.72346   0.41699   0.27908   2.34050  
  2 522.4949   1113.898688  x:  0.01483   0.07507   0.12821   0.01910   0.05266   0.07773   0.02424   0.09243   0.05619   0.11571   0.04114   0.15849   0.11442   0.16277   0.05130   0.03726   0.02076   0.05424   0.01636   0.06708   0.02363   0.06295   0.17244   2.59443   1.72062   0.41709   0.26859   2.34241  
  3 110.1458   1112.591947  x:  0.02709   0.07648   0.14557   0.02259   0.03828   0.08356   0.01636   0.09967   0.05669   0.12111   0.03696   0.17758   0.11341   0.17867   0.04906   0.01989   0.03521   0.05392   0.02064   0.06816   0.03399   0.05472   0.18439   2.59435   1.71762   0.41719   0.25699   2.34468  
  4 78.0501   1111.750321  x:  0.02478   0.07727   0.15938   0.02764   0.03631   0.09227   0.03471   0.10432   0.05086   0.12657   0.02775   0.19725   0.11182   0.19788   0.05112   0.00375   0.03993   0.05147   0.01542   0.06576   0.03270   0.05325   0.20128   2.59435   1.71278   0.41760   0.24090   2.34797  
  5 69.5327   1111.270056  x:  0.02272   0.07858   0.16359   0.02760   0.04346   0.09601   0.03223   0.10179   0.04347   0.12968   0.01971   0.21014   0.11031   0.21321   0.05894   0.00146   0.04095   0.05019   0.02381   0.06355   0.02872   0.06121   0.21856   2.59462   1.70685   0.41846   0.22455   2.35153  
  6 50.2759   1111.034473  x:  0.02419   0.07984   0.16248   0.02720   0.04679   0.09614   0.02851   0.09837   0.04239   0.13081   0.01837   0.21607   0.10868   0.22070   0.06443   0.00212   0.03918   0.05063   0.01663   0.06294   0.03218   0.06538   0.22933   2.59497   1.70161   0.41954   0.21356   2.35423  
  7 44.4591   1110.876900  x:  0.02598   0.08069   0.15612   0.02815   0.04599   0.09365   0.03122   0.09498   0.04758   0.13052   0.02244   0.21831   0.10782   0.22394   0.06757   0.00000   0.03672   0.05221   0.01901   0.06463   0.03371   0.06483   0.23823   2.59564   1.69322   0.42179   0.20263   2.35786  
  8 21.5416   1110.749122  x:  0.02337   0.07993   0.14601   0.02806   0.04068   0.09181   0.03033   0.09653   0.04638   0.12866   0.02074   0.21627   0.10824   0.22473   0.06513   0.00000   0.04132   0.05133   0.01766   0.06465   0.03053   0.06103   0.24747   2.59724   1.67515   0.42746   0.19063   2.36471  
  9 16.0753   1110.595110  x:  0.02769   0.07822   0.14376   0.02628   0.04527   0.09595   0.02966   0.10269   0.04486   0.12675   0.01970   0.21355   0.10911   0.22375   0.05797   0.00000   0.03631   0.05005   0.01839   0.06447   0.03132   0.05683   0.25360   2.60075   1.63797   0.43991   0.17973   2.37788  
 10 16.8902   1110.029156  x:  0.01966   0.07435   0.15299   0.03332   0.04943   0.10730   0.02820   0.11285   0.04918   0.12530   0.02823   0.20618   0.11006   0.21970   0.05284   0.00000   0.03948   0.05400   0.02016   0.06123   0.03928   0.06869   0.26313   2.61636   1.47641   0.49516   0.15287   2.43408  
 11 46.9074   1108.949461  x:  0.03336   0.08396   0.17197   0.03078   0.04328   0.11659   0.03151   0.11692   0.05121   0.12930   0.03269   0.19748   0.10903   0.21843   0.06435   0.00000   0.04209   0.05681   0.01749   0.06599   0.02600   0.08351   0.27293   2.64723   1.15950   0.60457   0.11739   2.54387  
 12 185.8294   1108.111937  x:  0.02683   0.09262   0.17873   0.02613   0.04522   0.11210   0.03530   0.10952   0.04799   0.13895   0.02152   0.20128   0.10845   0.22479   0.07549   0.00000   0.04178   0.05433   0.02139   0.07670   0.03915   0.07432   0.27381   2.67203   0.90825   0.69185   0.10013   2.63164  
 13 203.8199   1107.843823  x:  0.02713   0.09160   0.17699   0.03564   0.05254   0.10596   0.03241   0.10617   0.05156   0.14434   0.01923   0.21241   0.10803   0.22959   0.07474   0.00000   0.04308   0.05666   0.02007   0.07216   0.03459   0.06709   0.26891   2.68059   0.82568   0.72027   0.09633   2.66206  
 14 88.4984   1107.728649  x:  0.02878   0.08742   0.17194   0.02964   0.05323   0.10214   0.03446   0.10730   0.05138   0.14602   0.02108   0.22442   0.10749   0.23300   0.07100   0.00000   0.04534   0.05763   0.02026   0.06770   0.03503   0.07029   0.26155   2.68464   0.79289   0.73087   0.09427   2.67675  
 15 29.2188   1107.693078  x:  0.02915   0.08684   0.16911   0.03219   0.05092   0.10301   0.03439   0.10902   0.05048   0.14538   0.02017   0.23000   0.10756   0.23431   0.06957   0.00000   0.04335   0.05636   0.02033   0.07135   0.03512   0.07336   0.25585   2.68648   0.78360   0.73303   0.09223   2.68389  
 16 10.9434   1107.671778  x:  0.02866   0.08939   0.16849   0.03184   0.05062   0.10743   0.03463   0.10979   0.05140   0.14327   0.01940   0.23278   0.10759   0.23434   0.07141   0.00000   0.04420   0.05745   0.02047   0.07080   0.03512   0.07148   0.25000   2.68867   0.77997   0.73215   0.08899   2.69290  
 17  4.9052   1107.657142  x:  0.02856   0.08863   0.17018   0.03184   0.05002   0.10726   0.03487   0.10919   0.05138   0.14321   0.01952   0.23318   0.10751   0.23378   0.07158   0.00457   0.04412   0.05612   0.02056   0.07028   0.03503   0.07058   0.24846   2.69071   0.77913   0.73022   0.08765   2.70151  
 18  4.6944   1107.602332  x:  0.02845   0.08753   0.17899   0.03158   0.04875   0.10227   0.03678   0.10647   0.05012   0.14472   0.01791   0.23345   0.10758   0.23113   0.06792   0.00427   0.04456   0.05846   0.02067   0.07131   0.03456   0.06857   0.24319   2.70131   0.77617   0.71930   0.08193   2.74765  
 19  9.3308   1107.532237  x:  0.02775   0.08955   0.18172   0.03131   0.04926   0.10077   0.03709   0.10923   0.05239   0.14746   0.01987   0.23424   0.10694   0.23090   0.06801   0.00068   0.04558   0.05141   0.02062   0.07075   0.03422   0.06748   0.24222   2.71600   0.77198   0.70460   0.08364   2.81215  
 20 18.0806   1107.203042  x:  0.02799   0.09252   0.17785   0.03224   0.04791   0.10231   0.03775   0.12441   0.05395   0.15821   0.02124   0.23477   0.10453   0.23646   0.07042   0.00212   0.04426   0.06003   0.02123   0.07202   0.03533   0.06742   0.25337   2.79122   0.75162   0.63007   0.11307   3.14283  
 21 60.0473   1107.065999  x:  0.02807   0.08862   0.17580   0.03130   0.04763   0.10832   0.03611   0.11462   0.05395   0.15119   0.02259   0.23604   0.10436   0.23885   0.06796   0.00000   0.04432   0.05890   0.02063   0.07329   0.03443   0.06734   0.25600   2.81405   0.74398   0.60828   0.12084   3.24329  
 22 47.7351   1107.033953  x:  0.02776   0.09036   0.17447   0.03185   0.04655   0.10512   0.03453   0.11331   0.05225   0.14597   0.02171   0.23557   0.10431   0.23903   0.06956   0.00000   0.04088   0.05849   0.02091   0.06915   0.03529   0.06848   0.25469   2.82112   0.74098   0.60202   0.11981   3.27459  
 23 14.5420   1107.017461  x:  0.02776   0.09031   0.17298   0.03107   0.04971   0.10226   0.03340   0.11374   0.05232   0.14432   0.02113   0.23487   0.10416   0.23825   0.07160   0.00000   0.04186   0.05854   0.02027   0.07107   0.03501   0.06948   0.25295   2.82460   0.73943   0.59930   0.11707   3.29022  
 24  8.7344   1107.012244  x:  0.02785   0.08962   0.17163   0.03078   0.04968   0.10313   0.03273   0.11263   0.05231   0.14752   0.02042   0.23435   0.10417   0.23695   0.07237   0.00000   0.04128   0.05842   0.02022   0.07054   0.03505   0.06994   0.25187   2.82570   0.73892   0.59915   0.11515   3.29539  
 25  2.3768   1107.008187  x:  0.02759   0.09105   0.17145   0.03087   0.04994   0.10331   0.03248   0.11214   0.05080   0.14828   0.02188   0.23543   0.10402   0.23580   0.07196   0.00000   0.04133   0.05855   0.02018   0.07085   0.03496   0.06975   0.25249   2.82612   0.73895   0.60171   0.11456   3.29825  
 26  0.5611   1106.968819  x:  0.02725   0.09541   0.17205   0.02990   0.05027   0.10361   0.03190   0.11097   0.05417   0.14850   0.01819   0.24239   0.10402   0.22978   0.07005   0.00000   0.04142   0.05837   0.02009   0.07123   0.03508   0.07200   0.25919   2.82990   0.73978   0.63007   0.11109   3.32605  
 27  3.2594   1106.836355  x:  0.02758   0.08702   0.17568   0.02937   0.04863   0.10590   0.02963   0.11357   0.05343   0.14599   0.01764   0.25736   0.10038   0.22457   0.08078   0.00000   0.03946   0.05841   0.02029   0.07274   0.03521   0.06885   0.27366   2.84409   0.74160   0.72594   0.09751   3.42680  
 28 21.3047   1106.620196  x:  0.02631   0.09107   0.17908   0.02661   0.04830   0.10847   0.02524   0.11223   0.05681   0.15135   0.02295   0.25552   0.09402   0.25883   0.07613   0.00000   0.03812   0.05860   0.01997   0.07544   0.03450   0.06977   0.28487   2.86486   0.74620   0.88648   0.07159   3.58550  
 29 26.4474   1106.583911  x:  0.02589   0.09093   0.18015   0.02651   0.04789   0.10773   0.02536   0.11339   0.05725   0.15146   0.02380   0.25634   0.09205   0.25916   0.07463   0.00000   0.03810   0.05916   0.02028   0.07542   0.03430   0.06897   0.28246   2.74802   0.72669   0.86993   0.06815   3.62419  
 30  0.2487   1106.533498  x:  0.02554   0.09051   0.18048   0.02776   0.04705   0.10653   0.02724   0.11681   0.05814   0.15113   0.02485   0.25699   0.08778   0.25857   0.07057   0.00000   0.03875   0.06044   0.02131   0.07492   0.03429   0.06777   0.27857   2.80799   0.69856   0.85737   0.05508   3.64757  
 31  0.0768   1106.477336  x:  0.02530   0.08845   0.17508   0.02763   0.04689   0.10706   0.02618   0.11337   0.05666   0.14606   0.02662   0.24807   0.07893   0.25111   0.06936   0.00000   0.03936   0.05976   0.02132   0.07277   0.03400   0.06803   0.27385   2.79574   0.69680   0.93470   0.05077   3.76540  
 32  0.0561   1106.477209  x:  0.02530   0.08843   0.17503   0.02762   0.04689   0.10706   0.02617   0.11334   0.05665   0.14602   0.02663   0.24799   0.07886   0.25105   0.06936   0.00047   0.03936   0.05976   0.02132   0.07275   0.03400   0.06804   0.27381   2.79563   0.69679   0.93533   0.05073   3.76635  
 33  1.2944   1106.452524  x:  0.02555   0.08854   0.17299   0.02648   0.04697   0.10537   0.02633   0.11223   0.05539   0.14811   0.02562   0.24394   0.07305   0.24862   0.07183   0.00032   0.03854   0.05830   0.02047   0.07320   0.03429   0.06699   0.27429   2.78716   0.70579   0.89719   0.05190   3.69174  
 34  0.0528   1106.445953  x:  0.02575   0.08910   0.17523   0.02690   0.04683   0.10529   0.02682   0.11282   0.05531   0.14861   0.02533   0.24553   0.07198   0.25030   0.07171   0.00051   0.03875   0.05850   0.02043   0.07349   0.03383   0.06711   0.27468   2.78490   0.72592   0.89860   0.05789   3.63635  
 35  0.0390   1106.445070  x:  0.02560   0.08890   0.17512   0.02674   0.04695   0.10550   0.02647   0.11259   0.05541   0.14821   0.02540   0.24602   0.07161   0.25025   0.07153   0.00058   0.03888   0.05866   0.02057   0.07327   0.03385   0.06722   0.27392   2.78660   0.73052   0.88584   0.06034   3.62430  
 36  0.0168   1106.445008  x:  0.02559   0.08887   0.17517   0.02670   0.04699   0.10551   0.02639   0.11262   0.05545   0.14830   0.02542   0.24610   0.07153   0.25005   0.07162   0.00063   0.03883   0.05870   0.02060   0.07324   0.03393   0.06728   0.27367   2.78558   0.73279   0.89122   0.05991   3.62546  
 37  0.0069   1106.445004  x:  0.02559   0.08887   0.17516   0.02671   0.04698   0.10550   0.02641   0.11262   0.05548   0.14833   0.02544   0.24606   0.07154   0.25004   0.07161   0.00064   0.03882   0.05869   0.02061   0.07325   0.03396   0.06726   0.27359   2.78555   0.73294   0.89097   0.05998   3.62570  
 38  0.0004   1106.445004  x:  0.02559   0.08887   0.17516   0.02671   0.04698   0.10549   0.02640   0.11262   0.05548   0.14833   0.02543   0.24606   0.07154   0.25003   0.07160   0.00064   0.03882   0.05869   0.02060   0.07326   0.03395   0.06726   0.27358   2.78555   0.73300   0.89103   0.05998   3.62565  
 39  0.0001   1106.445004  x:  0.02559   0.08887   0.17516   0.02671   0.04698   0.10549   0.02640   0.11262   0.05548   0.14833   0.02543   0.24606   0.07154   0.25003   0.07160   0.00064   0.03882   0.05869   0.02060   0.07326   0.03395   0.06726   0.27358   2.78555   0.73300   0.89103   0.05998   3.62564  
 40  0.0000   1106.445004  x:  0.02559   0.08887   0.17516   0.02671   0.04698   0.10549   0.02640   0.11262   0.05548   0.14833   0.02543   0.24606   0.07154   0.25003   0.07160   0.00064   0.03882   0.05869   0.02060   0.07326   0.03395   0.06726   0.27358   2.78555   0.73299   0.89103   0.05998   3.62564  
 41  0.0000   1106.445004  x:  0.02559   0.08887   0.17516   0.02671   0.04698   0.10549   0.02640   0.11262   0.05548   0.14833   0.02543   0.24606   0.07154   0.25003   0.07160   0.00064   0.03882   0.05869   0.02060   0.07326   0.03395   0.06726   0.27358   2.78555   0.73299   0.89103   0.05998   3.62564  
 42  0.0000   1106.445004  x:  0.02559   0.08887   0.17516   0.02671   0.04698   0.10549   0.02640   0.11262   0.05548   0.14833   0.02543   0.24606   0.07154   0.25003   0.07160   0.00064   0.03882   0.05869   0.02060   0.07326   0.03395   0.06726   0.27358   2.78555   0.73299   0.89103   0.05998   3.62564  